60

22 09 01 11 02 
05 07 04 09 01 
02 11 01 04 01 
11 12 15 01 01 
03 09 04 19 04 
06 17 23 19 08 
18 17 02 16 07 
11 12 15 08 09 
09 06 11 14 21 
05 03 05 06 24 
12 20 24 03 02 
08 18 02 12 23 
19 01 04 12 07 
18 09 11 05 15 
10 18 04 01 08 
07 16 02 16 23 
06 05 12 23 14 
13 16 05 21 06 
01 18 04 05 10 
19 23 18 02 01 
03 08 22 07 13 
10 13 08 24 20 
03 07 24 22 02 
06 20 12 18 05 
09 16 12 01 12 
14 02 06 03 16 
13 07 02 02 08 
01 04 21 06 06 
10 24 11 03 18 
12 09 04 06 13 
05 15 06 16 04 
10 05 02 12 03 
17 01 05 01 04 
11 07 03 22 02 
09 21 14 02 05 
01 08 11 02 24 
10 15 22 07 07 
02 09 06 10 05 
08 07 12 05 04 
12 10 02 13 02 
09 14 15 14 06 
07 23 03 01 02 
22 08 13 23 01 
04 17 02 12 23 
22 06 19 15 01 
03 15 24 02 21 
11 07 06 08 04 
07 16 04 14 22 
10 15 06 07 07 
13 01 16 06 02 
14 13 04 03 09 
23 16 10 13 03 
06 16 23 15 12 
11 23 01 11 10 
13 11 23 19 04 
11 12 13 09 08 
08 02 06 21 10 
15 08 01 01 18 
08 11 06 13 03 
10 15 21 16 09 