60

01 13 04 09 05 
02 07 22 14 02 
18 11 13 04 06 
02 09 15 12 16 
24 14 12 03 02 
15 08 08 10 07 
03 11 08 13 21 
22 23 04 24 04 
17 08 12 06 05 
21 20 22 14 15 
05 08 05 07 13 
13 10 05 06 23 
09 09 17 06 18 
16 08 06 03 11 
15 07 02 24 04 
05 23 01 15 12 
17 06 08 02 05 
04 01 06 08 21 
14 14 05 11 04 
05 07 06 23 11 
11 05 15 06 10 
12 23 17 03 21 
22 17 04 05 07 
08 03 24 16 10 
03 06 06 20 19 
09 03 13 04 18 
03 04 01 05 06 
10 24 14 05 03 
01 03 08 09 11 
19 11 10 14 24 
07 16 15 11 17 
21 08 13 06 07 
06 16 16 08 05 
03 18 12 20 21 
04 24 05 03 01 
01 07 06 10 18 
01 08 11 12 09 
01 12 14 08 03 
17 14 09 07 03 
09 17 04 22 02 
10 01 20 15 08 
03 08 14 04 13 
08 14 02 10 12 
03 16 01 09 24 
12 15 04 03 01 
14 20 14 17 08 
22 06 07 11 02 
16 04 17 04 14 
02 15 09 24 17 
07 06 09 01 11 
07 06 08 16 24 
19 08 14 10 21 
15 15 02 13 19 
01 04 22 19 03 
04 03 05 23 08 
08 01 21 06 05 
01 04 15 21 05 
14 18 03 12 01 
15 14 03 04 24 
06 24 11 13 14 