60

13 11 10 07 16 
02 17 08 23 01 
21 07 12 03 04 
01 11 18 06 02 
09 15 14 01 15 
23 13 16 09 02 
07 09 03 14 16 
20 07 16 15 02 
11 18 03 07 14 
15 11 01 13 05 
21 12 19 04 14 
03 07 11 12 05 
16 23 09 14 24 
09 18 21 08 05 
07 10 15 03 04 
07 21 01 01 03 
06 15 03 09 02 
15 11 01 08 02 
09 02 15 08 05 
06 04 02 16 19 
13 01 13 16 21 
04 23 10 08 02 
04 08 07 18 04 
05 06 06 03 11 
11 18 19 04 05 
14 15 02 13 02 
02 11 01 24 15 
22 06 02 08 08 
09 05 23 02 02 
08 14 06 01 13 
03 15 05 20 18 
05 05 09 10 16 
02 14 24 10 07 
01 11 01 08 13 
06 01 12 05 04 
16 15 11 13 08 
17 09 02 04 15 
03 08 11 02 01 
08 07 24 12 05 
18 20 05 04 06 
10 10 22 08 09 
06 17 02 01 21 
22 23 03 06 13 
05 08 01 17 09 


15 
13 16 02 09 
13 02 10 04 21 
05 14 13 03 10 
02 10 01 13 03 
06 06 05 08 01 
10 06 18 22 07 
04 24 07 19 03 
16 15 02 18 03 
07 18 21 06 08 
23 01 01 04 03 
11 17 03 10 21 
02 12 12 01 13 
04 05 15 18 03 