60

23 17 07 16 06 
08 03 05 18 03 
03 12 13 12 11 
01 03 01 03 19 
06 03 02 06 08 
11 01 04 02 15 
04 07 12 10 07 
21 07 13 02 06 
02 17 08 13 01 
02 04 13 11 12 
02 02 07 23 14 
09 05 19 08 15 
07 08 04 16 19 
16 09 12 20 10 
10 03 19 05 11 
07 04 10 14 08 
01 01 19 20 07 
04 03 07 20 12 
11 15 01 16 05 
02 17 12 20 06 
11 08 19 18 14 
17 03 08 02 11 
15 07 04 17 14 
15 14 16 15 01 
07 02 12 12 03 
10 11 09 04 16 
01 21 09 12 01 
22 04 11 09 06 
04 01 03 01 13 

04 02 
13 06 10 04 
04 03 12 10 05 
07 10 18 08 07 
15 23 07 09 16 
13 07 05 10 23 
24 14 07 08 20 
03 10 14 23 12 
09 02 19 04 01 
03 22 01 01 10 
09 09 19 21 08 
06 09 15 01 04 
16 13 13 01 14 
02 08 06 01 22 
06 03 10 08 24 
16 20 21 01 01 
05 04 09 16 08 
03 09 06 02 04 
04 24 05 05 04 
08 12 23 13 16 
04 02 05 09 02 
15 20 12 05 08 
20 13 08 09 01 
11 14 16 03 12 
09 12 23 01 16 
10 06 21 08 03 
16 12 04 02 10 
24 06 01 15 05 
10 01 05 02 02 
08 23 08 12 14 