60

07 13 04 13 11 
04 06 16 08 23 
06 11 08 23 03 
24 08 05 11 09 
07 11 10 19 08 
03 02 07 13 02 
01 10 06 03 22 
03 16 12 06 08 
05 09 16 19 08 
13 03 04 06 23 
07 23 07 08 10 
02 06 05 05 03 
15 07 12 24 16 
10 06 11 03 05 
19 01 15 04 09 
11 04 24 02 08 
01 12 10 15 16 
11 05 04 13 05 
06 15 08 09 05 
12 09 07 05 24 
08 02 05 17 09 
24 15 08 05 01 
09 08 18 17 08 
06 04 06 16 05 
08 18 23 20 05 
09 01 05 01 11 
01 10 08 06 11 
07 23 09 12 15 
04 15 17 08 02 
01 22 15 03 04 
02 10 08 06 19 
10 07 08 18 07 
23 11 15 04 16 
05 02 07 01 07 
09 14 04 16 20 
06 03 11 05 12 
05 14 22 16 05 
06 04 04 18 13 
05 04 06 04 09 
08 02 18 05 16 
01 02 06 11 16 
05 17 02 04 15 
05 14 03 22 07 
07 24 14 07 18 
04 13 07 08 15 
13 16 17 15 03 
11 13 01 05 08 
14 05 12 15 12 
11 05 19 08 13 
02 02 21 03 07 
07 14 03 13 08 
05 08 02 11 04 
14 02 16 04 24 
06 02 05 06 01 
05 06 11 06 18 
01 05 13 03 21 
14 07 13 18 06 
05 01 11 08 07 
13 16 14 01 24 
05 17 09 13 22 