60

16 02 04 08 07 
13 12 20 03 22 
09 11 21 06 22 
06 11 22 01 08 
21 01 14 09 16 
14 06 19 12 04 
02 02 01 12 14 
11 05 03 01 03 
01 09 08 15 11 
11 23 03 12 15 
24 14 19 04 03 
04 03 10 09 04 
07 02 16 16 10 
01 13 08 11 03 
16 01 19 14 01 
01 13 11 16 07 
04 19 22 11 24 
08 15 10 23 06 
01 23 05 15 10 
04 14 06 03 17 
14 14 02 03 09 
21 24 04 08 23 
14 07 15 01 11 
07 04 03 11 08 
06 03 01 13 03 
18 11 02 09 02 
08 12 06 09 15 
07 23 20 07 04 
09 06 10 07 11 
02 18 10 13 14 
03 23 03 06 04 
07 18 10 03 01 
08 05 20 04 18 
05 04 09 03 10 
10 06 20 08 07 
17 04 12 07 14 
13 17 04 01 10 
21 04 10 14 12 
02 11 08 15 05 
20 07 06 06 04 
09 01 16 07 12 
11 17 01 04 01 
07 23 11 19 10 
02 03 05 10 12 
08 04 02 09 12 
12 23 02 02 07 
12 14 16 03 01 
03 14 16 15 04 
06 24 13 16 10 
08 08 16 04 07 
15 07 08 02 11 
01 07 15 03 09 
16 09 10 05 05 
09 19 03 14 16 
15 08 06 05 02 
15 08 06 05 02 
15 08 06 05 02 
15 08 06 05 02 
11 05 02 11 12 
10 03 06 18 12 