60

12 02 02 24 21 
13 22 19 10 09 
01 19 03 10 12 
24 12 08 02 04 
15 10 12 07 21 
20 07 07 01 16 
22 12 18 09 01 
08 02 01 04 04 
06 13 05 18 11 
11 24 01 14 06 
05 01 02 03 05 
16 06 10 18 05 
13 15 01 07 03 
09 14 13 01 21 
19 07 04 08 13 
12 05 13 21 04 
15 03 02 07 12 
22 02 24 04 11 
15 08 02 10 10 
02 11 24 05 14 
12 05 07 06 09 
08 02 13 16 03 
20 10 11 15 02 
07 07 10 23 22 
15 11 09 01 07 
11 13 13 10 08 
10 16 20 03 10 
01 14 05 20 09 
07 10 08 07 08 
08 01 03 14 15 
10 20 07 09 12 
04 11 02 16 05 
01 05 
07 01 13 22 06 
18 16 12 17 08 
13 03 14 06 15 
04 02 01 15 05 
13 15 07 05 03 
06 22 16 07 04 
06 16 07 01 10 
05 09 04 17 07 
15 02 16 23 05 
01 18 20 09 06 
03 02 07 08 05 
14 02 08 09 05 
05 11 13 08 06 
13 13 04 11 03 
20 08 05 08 15 
08 04 01 09 15 
14 18 19 03 14 
24 06 08 08 02 
18 05 02 08 14 
15 22 05 13 18 
06 12 05 08 06 
16 02 05 06 17 
18 03 15 16 02 
09 12 24 02 08 
06 07 13 15 09 
12 13 14 17 02 
03 03 04 01 21 