60

18 15 08 11 05 
20 16 08 07 06 
15 17 06 06 16 
14 14 11 08 16 
20 08 05 12 09 
21 09 12 03 05 
02 12 15 21 04 
04 06 15 05 03 
06 10 01 11 15 
19 20 12 11 07 
03 12 20 08 10 
05 01 11 07 05 
12 02 13 16 07 
08 10 01 14 12 
03 15 14 05 23 
15 01 20 03 19 
09 01 22 09 03 
23 16 14 03 05 
08 05 04 08 03 
12 14 18 11 19 
04 13 04 05 15 
04 11 03 01 23 
08 22 15 19 13 
14 05 03 01 03 
04 12 05 21 01 
20 12 02 14 12 
18 07 17 05 24 
12 06 06 08 03 
06 22 03 12 01 
12 19 08 07 05 
16 14 06 02 04 
01 06 15 22 07 
12 16 06 10 11 
10 07 19 21 24 
01 12 02 17 10 
02 04 07 06 03 
21 06 13 16 03 
14 14 01 13 07 
09 20 21 06 07 
05 15 07 06 21 
13 07 21 05 06 
04 16 01 04 21 
07 07 13 04 14 
03 09 11 15 14 
17 23 11 13 20 
06 04 12 14 01 
05 08 01 12 21 
05 10 19 08 14 
16 03 23 13 01 
07 04 14 09 04 
15 02 09 01 24 
01 22 05 09 14 
12 17 13 11 14 
04 08 11 04 16 
24 04 08 04 12 
11 19 07 04 13 
15 04 19 13 11 
03 06 01 14 10 
16 07 20 06 09 
03 24 13 08 08 