60

01 13 09 04 05 
02 11 08 14 14 
07 08 02 15 01 
05 15 04 24 03 
06 08 03 13 02 
21 17 06 12 03 
11 07 09 03 11 
03 05 19 10 04 
07 02 04 09 12 
21 22 04 09 10 
02 06 08 07 09 
14 11 08 13 13 
06 02 23 08 05 
20 05 01 19 09 
16 08 22 23 06 
02 08 03 20 16 
20 05 04 08 01 
11 17 09 06 22 
23 11 04 20 05 
06 08 10 14 07 
02 01 06 08 15 
08 02 06 05 07 
01 16 05 12 02 
09 10 11 19 23 
08 04 19 16 06 
17 01 14 02 04 
01 03 07 06 16 
01 05 13 16 11 
09 09 06 12 21 
12 04 16 15 08 
04 01 15 06 06 
12 14 12 16 03 
13 19 08 07 01 
01 12 11 14 11 
02 01 02 01 10 
05 02 05 08 04 
08 14 21 02 20 
07 01 08 02 14 
05 10 01 03 20 
08 02 08 07 11 
17 06 23 05 03 
04 12 08 22 20 
14 07 16 01 04 
21 05 07 08 04 
07 15 20 12 06 
16 06 07 24 13 
02 12 08 05 19 
18 09 19 14 08 
02 08 06 10 05 
24 06 02 08 23 
22 01 11 08 09 
06 18 11 05 19 
02 15 14 08 11 
12 10 04 07 10 
04 07 11 21 08 
04 08 19 03 22 
02 10 18 20 15 
14 10 22 05 05 
02 09 19 08 06 
04 06 09 10 05 