60

16 07 21 10 15 
04 18 12 01 21 
01 01 04 10 03 
01 10 01 14 09 
15 20 16 03 17 
01 04 16 02 08 
08 03 14 09 01 
04 01 02 05 07 
23 09 09 21 03 
04 11 14 23 05 
12 03 07 16 02 
03 05 24 12 02 
10 10 04 01 15 
15 01 07 16 17 
12 22 14 16 12 
03 08 03 03 04 
01 23 08 02 15 
14 20 13 16 12 
07 08 04 18 15 
20 22 09 10 21 
12 12 04 01 06 
08 06 12 21 03 
13 12 09 08 01 
14 15 04 23 06 
13 17 19 07 04 
05 11 23 13 04 
03 12 06 13 07 
03 16 11 09 13 
01 06 22 20 16 
09 20 02 10 04 
14 06 07 06 02 
08 17 21 12 05 
03 07 06 13 08 
21 12 02 01 23 
12 05 16 01 05 
03 06 12 03 20 
03 09 13 15 07 
17 03 06 07 24 
06 14 18 10 14 
08 02 07 17 08 
17 08 15 14 05 
03 10 02 16 01 
11 11 09 05 07 
08 18 14 09 04 
18 03 03 14 06 
01 16 04 03 03 
11 11 13 15 04 
02 18 21 23 14 
03 12 14 05 07 
03 05 14 04 01 
08 02 06 05 06 
14 23 07 08 05 
24 08 11 13 02 
14 16 01 04 05 
04 16 05 19 05 
02 20 06 10 15 
06 06 03 23 05 
06 03 07 03 01 
03 12 08 18 16 
09 24 08 12 07 