60

11 07 16 14 01 
15 08 10 20 23 
10 01 04 06 17 
10 23 03 05 07 
10 05 21 16 12 
05 03 12 06 24 
09 07 03 06 02 
05 03 07 13 12 
21 14 05 02 10 
04 05 08 10 03 
13 07 20 15 03 
02 08 15 12 06 
20 09 22 11 05 
08 07 19 03 21 
13 01 09 11 08 
15 12 02 11 06 
18 09 21 13 16 
12 09 15 19 13 
02 16 05 13 24 
08 07 03 15 03 
01 03 19 13 10 
13 08 14 12 12 
02 23 05 02 16 
03 08 04 16 14 
15 07 23 04 16 
11 12 08 17 05 
03 23 22 11 06 
14 06 05 07 24 
14 16 07 03 02 
03 05 14 21 05 
03 12 14 16 10 
20 21 04 05 06 
06 07 06 05 08 
11 19 05 12 06 
03 13 01 21 07 
06 19 16 15 07 
02 20 04 21 19 
15 04 06 05 23 
12 01 04 13 10 
09 07 08 06 18 
16 15 15 09 08 
01 20 18 08 08 
05 06 08 06 14 
24 12 05 04 11 
05 08 02 10 13 
02 07 05 06 18 
08 24 04 19 12 
20 14 07 22 09 
05 03 02 18 12 
06 17 21 12 05 
03 19 03 11 05 
08 03 09 20 23 
20 04 04 24 06 
05 01 19 01 14 
07 23 22 03 11 
15 06 09 06 18 
07 09 01 05 14 
13 02 15 02 16 
09 11 07 07 05 
08 09 10 20 01 