60

10 03 10 15 14 
14 09 16 13 15 
23 18 
02 11 03 05 06 
07 22 03 14 12 
11 16 08 10 01 
06 05 14 15 06 
17 05 15 06 21 
20 09 03 12 16 
20 15 12 03 08 
13 11 13 03 12 
04 03 07 08 12 
11 07 01 15 08 
15 06 09 03 13 
05 09 06 05 01 
08 20 05 04 24 
04 08 23 04 16 
09 04 11 16 11 
06 16 19 03 22 
04 03 01 05 08 
10 08 04 02 04 
16 13 18 01 24 
10 15 04 08 05 
02 05 17 04 02 
07 05 07 04 21 
03 08 04 01 16 
10 09 05 02 01 
15 02 16 06 10 
06 21 13 18 19 
24 14 07 11 21 
11 13 24 18 04 
07 11 08 23 08 
03 24 14 09 12 
13 03 22 20 08 
24 04 03 18 17 
16 21 01 17 13 
10 02 17 10 07 
16 01 08 06 21 
17 03 16 14 23 
04 04 20 05 03 
03 22 08 08 12 
02 08 15 06 04 
02 16 10 01 21 
06 04 05 06 01 
11 14 06 02 22 
08 20 08 12 15 
10 12 12 21 02 
13 01 05 09 15 
01 07 16 21 17 
08 19 02 05 16 
02 10 10 21 14 
01 02 11 07 13 
06 04 09 12 11 
02 10 12 07 09 
04 05 02 07 14 
09 03 12 19 22 
23 11 14 09 22 
11 06 01 03 13 
10 15 04 12 12 
24 10 05 02 07 