60

10 11 11 15 06 
06 11 03 06 04 
16 04 01 01 12 
16 07 16 04 18 
14 16 20 21 01 
10 16 07 16 11 
13 04 04 09 05 
13 21 06 05 06 
06 06 08 03 05 
08 04 04 10 16 
03 06 10 08 13 
03 09 21 12 04 
04 01 06 02 08 
04 17 07 11 19 
06 15 12 03 10 
06 05 12 13 23 
03 24 16 18 19 
11 08 10 16 01 
14 24 02 02 03 
04 20 10 14 05 
11 06 05 16 22 
07 19 13 06 16 
12 07 13 06 14 
18 02 01 07 15 
21 02 20 01 23 
06 03 08 01 04 
22 01 16 01 06 
06 19 07 17 05 
10 16 04 03 11 
08 03 08 16 02 
03 06 11 03 03 
13 01 02 15 03 
08 15 14 21 04 
12 10 03 03 24 
04 11 03 04 06 
22 04 06 03 08 
05 13 19 09 15 
02 05 06 04 01 
04 15 05 05 03 
12 08 05 15 01 
07 01 15 13 03 
18 02 01 05 12 
10 14 06 22 09 
19 13 10 05 22 
10 08 14 03 11 
23 01 16 04 06 
14 17 13 08 19 
23 05 12 12 04 
14 15 16 03 08 
06 01 09 15 11 
15 07 08 10 03 
10 20 01 10 06 
15 19 12 13 02 
01 04 22 
07 10 06 14 03 
07 16 13 01 10 
16 02 09 17 01 
08 07 03 07 20 
02 07 03 04 23 
02 15 08 21 16 