60

15 17 20 05 19 
16 07 11 09 16 
06 20 04 05 04 
01 16 12 04 07 
22 14 17 21 04 
12 10 13 04 13 
24 06 01 02 16 
15 22 11 13 07 
21 04 06 02 07 
06 03 09 07 10 
10 17 06 16 08 
08 07 08 05 19 
14 07 04 02 08 
06 07 01 10 06 
03 15 19 01 15 
02 07 14 05 03 
23 05 17 02 08 
10 11 12 14 03 
17 01 14 21 02 
01 12 13 16 08 
05 06 12 24 10 
14 05 13 15 16 
01 09 07 01 02 
18 20 01 03 21 
15 07 10 23 06 
10 05 14 23 02 
03 03 06 08 04 
12 13 15 01 10 
01 08 12 17 10 
04 13 18 06 03 
21 14 04 06 05 
11 10 11 03 09 
20 12 15 24 06 
03 10 08 06 24 
07 04 07 07 11 
20 02 12 14 09 
24 03 10 01 05 
01 21 02 07 08 
01 02 01 15 01 
14 23 15 12 06 
04 03 12 20 11 
14 08 06 11 07 
24 03 03 01 02 
09 06 11 03 10 
03 13 08 06 21 
03 06 18 16 21 
02 13 04 09 15 
04 05 13 08 22 
18 05 11 17 09 
07 10 05 01 16 
08 18 03 21 03 
02 19 24 06 18 
07 01 04 18 24 
04 02 02 18 01 
06 24 12 11 22 
06 24 12 11 22 
11 16 12 07 15 
12 08 21 08 09 
03 08 02 15 11 
05 05 04 07 24 