60

07 01 08 03 09 
12 01 08 12 04 
01 08 11 10 14 
16 07 11 01 02 
16 01 04 03 16 
08 07 05 09 06 
04 19 09 03 22 
02 04 16 17 15 
02 01 03 12 01 
10 03 02 05 17 
12 02 24 07 14 
23 15 09 14 11 
05 03 15 10 12 
02 18 22 06 03 
16 02 07 24 13 
13 18 01 07 13 
01 03 17 03 21 
15 10 24 23 13 
08 07 15 09 18 
07 16 06 21 02 
05 05 24 11 09 
05 05 14 01 03 
14 21 16 12 08 
01 03 08 01 22 
12 04 05 07 02 
03 07 11 08 02 
16 23 08 06 10 
03 01 04 01 18 
20 16 24 04 22 
06 14 21 13 10 
03 16 18 01 21 
11 04 24 22 14 
03 03 23 08 01 
06 15 13 23 04 
16 11 07 01 03 
09 12 12 13 01 
06 14 04 10 02 
13 07 03 06 08 
01 01 01 05 15 
15 02 06 05 17 
14 07 19 03 02 
17 09 04 05 09 
07 18 09 07 06 
01 02 09 16 04 
11 07 10 08 06 
02 02 09 03 09 
15 11 16 09 15 
02 16 01 08 16 
03 10 13 17 02 
02 14 10 16 08 
08 02 06 18 12 
03 14 02 24 06 
05 09 04 06 02 
24 01 16 13 11 
23 02 12 06 05 
04 11 23 08 03 
11 02 14 07 07 
10 12 07 13 14 
15 22 07 04 13 
16 07 17 13 16 