60

17 01 07 02 09 
08 08 09 18 02 
02 14 11 06 06 
19 01 09 10 03 
18 06 03 01 10 
07 10 02 08 17 
09 18 05 11 24 
03 18 07 07 17 
17 12 08 12 16 
08 15 07 04 14 
14 24 14 23 05 
01 05 04 24 09 
03 01 06 04 06 
12 15 07 11 06 
21 07 12 05 16 
07 07 19 16 12 
10 20 22 14 11 
15 08 11 16 05 
05 11 20 01 24 
12 05 14 18 19 
17 15 08 01 16 
02 01 14 02 13 
17 03 24 06 11 
18 09 04 02 08 
10 02 11 19 01 
11 12 08 17 11 
21 14 10 12 18 
02 04 18 06 07 
04 18 21 12 10 
03 04 16 01 04 
09 01 13 15 24 
13 11 21 08 07 
11 08 06 01 14 
06 22 16 01 23 
10 09 15 22 18 
11 02 06 04 14 
13 23 15 08 05 
18 08 12 03 06 
12 10 16 06 08 
15 03 22 05 19 
01 07 20 12 16 
05 18 02 13 15 
10 11 20 11 05 
13 24 02 13 01 
14 06 03 05 01 
07 21 03 11 13 
09 07 04 11 03 
05 10 13 09 06 
07 09 16 08 13 
14 04 07 04 02 
04 03 05 16 03 
14 22 07 21 18 
09 06 14 05 11 
21 05 22 04 18 
03 05 11 08 02 
05 14 04 03 03 
14 01 15 24 09 
15 01 08 01 24 
07 09 23 16 10 
09 11 15 06 19 