60

19 04 14 09 01 
02 09 24 11 21 
22 21 14 12 05 
07 02 19 07 15 
12 21 13 17 07 
04 16 05 03 02 
07 14 16 02 14 
02 08 03 01 01 
05 23 15 07 13 
11 05 01 13 07 
11 18 06 16 14 
11 13 11 15 02 
22 08 15 02 05 
04 11 04 07 16 
15 17 01 05 12 
03 05 08 09 07 
19 09 21 13 06 
12 08 10 06 04 
21 03 22 06 23 
16 13 15 04 13 
04 04 06 11 15 
15 02 16 03 03 
07 08 10 02 08 
20 15 04 03 13 
06 06 19 15 12 
14 04 06 01 08 
16 04 06 14 07 
06 06 03 10 23 
23 13 01 10 06 
06 10 01 13 24 
08 02 11 07 06 
06 01 14 02 01 
02 12 14 08 07 
10 16 05 06 08 
05 11 01 12 02 
11 23 02 14 11 
05 08 10 19 15 
19 11 07 03 02 
05 09 03 08 14 
24 07 01 05 13 
08 13 05 07 08 
20 16 03 06 05 
22 24 10 06 09 
07 12 08 20 01 
07 01 05 18 04 
06 20 07 23 14 
17 16 04 10 24 
23 16 04 24 20 
03 13 11 03 14 
04 16 23 06 14 
12 07 07 10 24 
05 04 01 08 05 
03 08 01 12 14 
08 05 09 22 03 
11 24 06 18 05 
17 02 15 07 10 
23 04 03 05 15 
09 16 11 12 07 
21 08 02 08 02 
04 08 05 08 08 