60

13 06 09 24 07 
09 05 13 22 15 
13 15 13 14 10 
12 13 22 23 04 
17 05 07 08 11 
24 01 07 05 09 
09 15 01 08 05 
03 13 04 11 13 
09 01 02 06 15 
21 19 04 05 07 
10 04 05 06 06 
23 21 13 13 06 
04 01 11 07 10 
13 01 04 01 14 
14 04 15 03 08 
01 11 13 19 14 
19 08 05 03 08 
09 12 19 09 01 
02 07 04 07 15 
05 06 05 15 15 
03 03 09 22 05 
04 22 24 13 13 
03 07 23 04 09 
21 01 16 03 04 
20 14 18 03 13 
12 01 02 12 04 
14 14 04 09 02 
08 04 13 02 09 
03 05 08 13 17 
16 05 14 01 09 
07 24 02 22 01 
19 11 05 16 09 
07 13 15 23 08 
02 06 02 18 21 
01 08 16 23 21 
14 09 15 05 04 
07 12 16 08 14 
05 23 11 01 07 
10 03 21 11 06 
24 10 02 06 05 
09 08 03 08 16 
11 12 01 04 13 
13 11 03 17 02 
03 02 08 07 18 
06 07 06 05 12 
11 08 13 09 02 
15 06 16 04 12 
02 10 18 06 08 
14 19 08 10 05 
02 08 22 02 18 
18 05 11 10 03 
13 08 21 09 22 
09 13 12 13 07 
14 12 23 06 22 
09 24 03 01 10 
08 11 20 12 14 
07 24 02 21 02 
23 03 05 08 13 
19 08 22 16 07 
11 03 07 05 08 