60

24 10 11 13 14 
07 09 03 02 05 
10 06 12 07 08 
01 09 05 08 07 
06 24 01 08 17 
13 11 08 21 12 
04 03 04 05 10 
18 14 06 06 10 
05 11 13 01 17 
04 08 10 12 06 
01 13 23 03 03 
05 08 04 22 07 
07 22 15 10 03 
06 19 02 17 07 
09 17 02 01 16 
05 22 14 02 04 
16 24 08 01 13 
15 02 14 08 03 
01 16 13 09 08 
11 14 20 04 10 
17 20 04 09 02 
12 05 10 02 01 
03 08 09 17 11 
05 03 21 02 06 
08 23 24 02 05 
08 17 13 21 05 
11 07 05 03 01 
14 11 06 12 13 
15 22 08 12 07 
05 08 15 11 12 
05 05 10 09 08 
13 08 03 04 07 
15 01 07 16 03 
12 17 15 10 02 
12 07 06 10 10 
03 16 05 04 01 
03 08 05 02 09 
12 23 10 05 14 
16 08 02 12 24 
04 05 01 11 15 
16 07 13 12 03 
04 06 01 15 12 
17 04 16 06 10 
08 15 01 04 11 
06 03 24 08 15 
14 19 05 14 07 
03 06 19 13 04 
12 02 14 19 14 
07 04 01 04 08 
09 15 16 08 07 
01 03 05 21 02 
09 20 24 02 21 
01 12 03 16 08 
04 08 02 11 14 
22 03 15 19 13 
05 01 07 15 10 
06 17 08 11 10 
07 02 16 16 13 
12 03 10 20 12 
11 16 11 12 24 