60

10 02 24 17 02 
01 09 14 13 23 
01 03 18 05 10 
13 09 04 15 01 
20 05 07 11 14 
15 23 20 05 04 
12 04 04 17 09 
14 09 07 15 06 
18 24 11 19 13 
21 22 04 11 09 
24 22 05 03 05 
13 03 04 07 08 
21 04 18 12 09 
20 14 13 06 13 
03 20 14 13 07 
05 18 04 23 05 
14 15 17 09 05 
23 12 15 16 07 
04 06 01 04 23 
03 02 16 03 24 
17 05 08 06 11 
16 13 02 11 06 
15 20 08 13 08 
02 22 10 06 24 
06 16 02 05 09 
08 01 04 06 07 
02 12 01 15 14 
15 07 02 03 08 
04 10 16 03 12 
04 07 11 04 08 
08 02 17 10 14 
16 12 11 02 03 
13 05 21 07 14 
10 11 01 08 08 
14 04 07 06 12 
16 13 09 14 21 
01 16 08 03 17 
16 08 07 04 04 
23 01 01 04 05 
07 02 10 16 12 
05 23 17 13 07 
06 16 14 17 06 
05 03 03 16 04 
04 07 13 16 01 
17 01 05 03 06 
07 13 06 01 04 
07 02 02 06 10 
20 13 09 06 14 
05 09 07 04 14 
06 15 05 20 03 
13 04 06 24 04 
24 02 02 23 15 
04 05 05 08 06 
08 07 14 21 10 
03 01 13 22 04 
15 03 01 06 17 
19 23 10 15 10 
04 14 06 09 05 
11 07 14 03 07 
10 07 05 21 15 