60

01 21 12 09 03 
07 10 08 24 13 
03 09 15 09 22 
19 09 03 02 10 
18 16 06 01 01 
02 05 04 06 13 
04 13 11 02 15 
05 01 04 07 12 
07 12 03 22 09 
11 06 15 13 03 
14 08 08 24 05 
02 12 14 05 13 
02 03 01 12 23 
10 01 11 18 07 
03 11 13 10 08 
04 15 02 13 01 
19 07 06 15 15 
20 06 05 09 06 
23 11 13 01 16 
14 01 02 12 07 
03 08 01 10 05 
13 01 10 03 02 
08 21 03 10 22 
16 18 13 09 04 
15 05 16 12 19 
09 04 13 03 04 
12 17 01 07 03 
10 12 06 24 07 
04 02 06 07 09 
07 01 18 02 08 
09 07 15 11 13 
05 11 16 04 24 
16 10 03 06 02 
01 07 10 05 04 
03 05 14 13 19 
07 05 16 14 13 
01 11 23 08 04 
24 07 06 02 14 
11 15 03 08 14 
03 01 03 01 20 
05 11 14 02 12 
11 13 16 03 06 
03 06 12 13 15 
22 20 05 15 18 
08 07 11 10 12 
01 04 06 22 15 
14 01 16 16 12 
16 10 02 05 07 
07 18 15 24 12 
02 06 18 12 11 
20 07 02 01 12 
01 20 05 13 03 
16 04 19 08 12 
12 16 14 03 03 
05 01 21 22 15 
15 19 12 06 08 
01 23 02 04 02 
11 04 05 17 02 
13 04 03 22 19 
24 07 21 07 06 