60

06 13 19 12 03 
07 03 23 13 06 
07 13 01 09 02 
13 07 05 23 15 
19 16 08 18 01 
23 12 17 01 04 
12 16 10 02 17 
16 09 08 23 21 
17 07 11 03 01 
01 11 14 07 09 
23 18 07 04 19 
21 05 06 09 02 
07 12 02 13 19 
05 23 21 04 16 
06 12 21 14 13 
12 08 22 11 11 
07 01 15 07 02 
04 05 01 10 06 
11 03 16 04 04 
01 21 08 13 18 
15 02 08 04 06 
11 12 21 03 15 
06 10 08 11 11 
10 05 18 03 03 
10 19 15 02 07 
11 02 02 06 14 
21 03 04 10 14 
14 04 12 22 10 
15 06 07 03 17 
16 03 05 20 02 
22 23 04 06 02 
21 11 11 16 24 
08 22 04 03 04 
04 19 07 02 10 
08 12 02 23 01 
13 07 14 02 06 
13 08 23 03 01 
07 03 11 07 04 
08 04 04 07 06 
02 09 08 24 11 
12 20 10 05 10 
10 20 04 16 07 
09 05 13 12 03 
06 18 12 20 02 
08 07 16 12 02 
15 06 17 20 19 
02 05 08 10 09 
02 06 06 14 12 
05 22 07 08 24 
13 02 04 06 24 
16 07 10 09 16 
10 12 02 03 08 
17 21 03 06 02 
12 18 04 03 07 
06 03 05 08 03 
20 08 14 03 10 
13 12 11 02 12 
14 02 03 04 10 
10 22 15 19 07 
16 06 22 15 24 