60

10 05 02 05 16 
05 12 08 07 15 
02 09 14 15 16 
03 24 02 01 02 
02 09 07 13 02 
24 10 01 04 08 
08 06 06 18 02 
03 03 01 16 08 


03 07 
03 12 09 06 
06 04 03 06 17 
22 08 24 03 15 
20 02 11 09 04 
03 02 13 20 12 
21 15 03 16 03 
05 07 07 14 17 
16 18 06 02 17 
03 05 11 01 01 
03 05 18 01 16 
22 14 05 09 20 
01 07 05 09 22 
12 16 10 08 16 
11 13 04 05 09 
11 04 10 01 12 
06 04 22 01 04 
13 04 10 16 22 
14 04 01 12 13 
09 07 06 02 01 
15 01 07 06 11 
08 16 01 14 11 
20 05 07 09 11 
22 20 05 01 14 
09 21 24 05 13 
07 16 02 22 04 
06 11 05 08 22 
07 16 09 10 21 
11 10 10 13 06 
15 24 01 07 14 
04 01 14 16 12 
12 14 06 22 24 
20 12 12 14 06 
11 19 03 23 14 
17 03 06 09 18 
13 09 15 16 14 
09 03 17 02 21 
03 02 02 19 04 
16 23 11 17 09 
23 16 15 02 09 
06 07 04 14 01 
02 10 05 04 04 
07 15 06 14 21 
05 10 07 24 18 
15 05 16 04 05 
05 02 19 23 10 
07 13 13 21 16 
02 09 18 21 07 
06 18 01 09 19 
10 03 19 01 07 