60

20 09 08 18 05 
04 10 17 02 15 
17 16 14 15 19 
20 04 03 05 21 
15 04 03 16 11 
09 19 05 12 08 
23 06 04 11 05 
05 08 11 05 22 
23 01 14 05 05 
14 15 10 13 21 
07 11 03 08 21 
11 23 01 12 01 
23 15 06 08 03 
11 05 09 01 10 
07 08 16 14 03 
03 02 13 21 16 
11 12 18 10 06 
11 17 03 09 07 
21 06 05 03 09 
01 16 01 10 15 
05 14 20 16 05 
16 24 22 06 19 
09 03 14 04 05 
07 06 20 05 06 
13 01 22 16 16 
08 16 09 11 02 
02 01 10 03 13 
03 01 06 02 04 
21 12 15 24 04 
06 18 08 03 07 
04 05 21 01 02 
06 02 02 17 24 
06 08 21 17 07 
10 03 16 05 09 
04 15 03 12 13 
22 15 01 23 03 
06 12 07 04 15 
02 10 23 11 10 
16 22 24 05 08 
20 07 08 05 03 
03 07 12 14 19 
13 07 14 04 19 
07 04 02 03 09 
04 11 20 14 21 
08 05 06 11 07 
12 21 08 02 09 
15 07 10 07 17 
03 15 07 04 08 
04 12 03 12 07 
02 03 07 14 05 
03 21 13 14 20 
06 05 16 16 13 
16 02 17 18 06 
12 03 11 02 23 
16 03 01 02 07 
19 22 12 01 18 
08 19 20 07 16 
15 03 18 01 16 
16 08 01 16 07 
04 16 05 02 12 