60

03 01 12 15 04 
14 09 10 08 24 
03 19 11 13 01 
02 19 05 05 08 
14 12 23 04 05 
08 18 07 04 21 
07 01 03 05 08 
17 21 06 07 11 
22 02 08 02 16 
03 04 04 02 07 
12 03 10 07 09 
02 14 04 16 24 
01 02 04 06 04 
16 05 01 23 01 
02 08 08 12 16 
15 09 21 14 06 
16 10 08 13 05 
10 08 03 13 19 
02 12 02 19 13 
15 05 09 07 03 
20 04 03 13 02 
12 06 18 09 03 
03 18 07 03 05 
04 05 17 03 10 
09 21 07 23 08 
17 09 21 11 13 
14 02 24 15 07 
23 18 12 09 05 
10 05 09 18 07 
08 16 05 05 08 
23 03 06 07 07 
14 20 12 07 16 
07 10 05 24 02 
09 19 07 16 12 
23 14 01 06 06 
21 04 05 07 16 
08 07 04 06 03 
04 12 11 20 04 
04 14 13 12 10 
13 02 06 23 04 
03 07 22 04 01 
02 18 03 06 06 
07 03 13 04 03 
06 15 09 07 08 
11 01 17 06 05 
02 11 05 11 21 
04 07 08 05 12 
07 08 09 22 13 
04 02 05 02 06 
01 03 20 04 12 
03 13 20 08 13 
09 14 16 07 01 
02 06 11 03 04 
14 24 02 11 16 
12 01 03 23 17 
16 07 11 03 20 
10 04 05 21 03 
01 20 22 04 04 
18 16 09 01 20 
11 06 02 18 07 