60

01 07 10 15 06 
07 03 10 02 05 
02 16 24 10 15 
11 17 10 06 14 
20 01 16 05 07 
01 02 11 05 03 
09 18 16 11 24 
05 22 08 04 13 
01 20 03 08 01 
05 18 01 02 07 
12 22 19 13 11 
23 03 15 01 21 
08 19 05 08 11 
23 14 12 17 07 
13 08 02 02 05 
04 03 15 01 04 
24 08 14 05 03 
24 13 11 05 01 
09 20 01 09 02 
04 09 13 21 05 
07 10 09 08 07 
15 13 23 04 03 
02 13 06 11 14 
24 03 09 14 06 
05 06 11 08 02 
18 15 15 17 02 
03 16 10 15 02 
15 13 07 17 14 
15 24 20 01 13 
21 10 01 07 12 
06 12 02 13 02 
01 17 13 09 10 
03 21 08 14 06 
12 07 16 07 05 
16 02 05 03 05 
08 08 01 01 16 
09 08 01 14 05 
06 22 02 20 14 
03 12 13 07 08 
13 07 03 12 02 
04 08 16 09 04 
13 06 12 04 12 
20 11 06 03 16 
06 05 17 24 11 
19 02 02 12 03 
06 14 08 12 01 
07 16 14 05 08 
16 13 07 08 02 
04 06 02 03 03 
02 17 16 13 06 
12 09 06 11 08 
16 12 04 05 15 
23 18 12 11 09 
24 22 07 11 01 
19 03 02 06 05 
12 23 07 24 16 
07 15 08 11 05 
12 03 15 06 16 
20 03 18 06 09 
11 05 15 16 06 