60

17 10 10 09 06 
04 08 06 08 05 
06 15 03 01 02 
08 02 01 12 24 
04 10 06 15 06 
03 19 06 14 21 
07 22 19 11 01 
12 10 11 06 02 
07 11 05 08 22 
12 13 01 11 15 
18 06 17 16 05 
08 20 11 05 13 
12 03 04 04 02 
05 03 05 10 02 
24 15 13 14 13 
06 01 01 04 24 
17 21 04 06 05 
01 05 13 09 04 
05 01 07 24 15 
12 20 24 09 02 
11 09 06 14 03 
12 07 02 18 15 
06 19 06 03 04 
04 17 01 21 06 
05 22 21 12 02 
14 13 15 01 12 
09 08 21 13 16 
06 14 16 24 03 
03 08 14 12 19 
08 23 19 20 04 
04 16 06 10 19 
21 03 04 10 08 
24 22 08 02 20 
12 14 06 16 23 
03 04 09 08 08 
24 04 06 04 14 
04 03 23 12 02 
02 11 24 10 06 
06 04 05 01 21 
13 16 06 16 01 
05 16 22 07 17 
04 08 02 15 08 
13 08 19 16 18 
09 06 06 01 12 
24 03 01 12 20 
17 16 21 16 03 
05 14 10 03 05 
14 02 03 01 01 
03 09 06 07 08 
12 08 07 14 01 
16 02 05 08 02 
03 09 17 16 10 
03 08 05 14 06 
07 04 08 08 12 
12 11 09 09 23 
07 08 08 05 01 
11 14 14 19 09 
22 20 15 24 23 
05 05 10 22 02 
03 07 19 04 24 