60

09 08 12 20 06 
01 03 05 16 05 
20 02 19 22 18 
08 06 10 21 13 
22 02 18 04 03 
02 07 15 21 06 
08 21 06 08 17 
15 08 01 13 12 
03 11 04 06 16 
10 11 18 05 01 
07 04 04 12 02 
09 13 04 01 03 
05 08 10 04 03 
04 13 11 15 16 
08 06 10 15 14 
01 22 14 03 20 
20 03 14 07 24 
12 11 08 04 01 
04 03 03 15 23 
24 09 05 03 18 
01 12 05 15 15 
14 08 08 22 01 
03 04 01 13 10 
11 10 21 06 01 
03 07 08 21 12 
06 07 07 12 01 
03 05 15 24 02 
22 04 24 14 04 
20 15 19 12 23 
07 05 03 06 01 
13 08 03 23 15 
23 04 12 01 21 
07 15 23 03 06 
04 14 07 15 01 
15 06 05 09 01 
18 14 23 15 16 
04 06 01 12 16 
13 03 07 07 22 
12 16 11 23 21 
03 08 03 17 01 
17 04 06 16 10 
20 18 09 04 05 
15 08 14 19 18 
08 16 06 02 19 
06 06 08 21 07 
02 05 01 06 18 
07 01 16 04 11 
16 10 20 06 05 
16 11 11 02 13 
02 21 08 05 07 
15 15 05 04 16 
06 09 02 13 07 
21 13 23 03 10 
08 12 14 03 24 
02 01 20 15 07 
22 14 09 20 08 
17 14 14 24 06 
04 03 03 05 06 
05 11 08 05 07 
03 04 07 06 09 