60

06 02 07 08 04 
08 12 20 08 04 
16 05 01 05 15 
14 06 04 04 08 
03 01 07 06 11 
08 11 03 15 05 
05 04 06 01 12 
10 07 05 21 17 
15 14 13 11 04 
13 01 11 20 07 
12 08 19 01 06 
15 13 16 21 11 
11 23 01 07 16 
11 22 13 10 02 
04 19 08 04 03 
02 05 12 14 15 
05 24 01 14 08 
04 17 14 09 05 
07 08 11 06 18 
07 04 10 15 11 
05 07 22 02 09 
03 16 02 01 07 
05 13 05 20 02 
05 15 07 09 14 
07 16 08 05 18 
16 06 22 12 07 
04 10 01 06 22 
16 07 06 14 23 
07 16 09 13 08 
09 07 08 07 12 
23 06 24 03 13 
07 06 07 05 14 
20 08 03 06 14 
15 14 01 04 01 
12 06 14 04 06 
02 06 20 13 17 
19 16 06 09 06 
02 22 07 04 08 
16 07 15 03 14 
08 04 23 07 08 
23 16 14 11 09 
04 24 06 21 03 
12 14 03 17 10 
08 07 17 14 01 
01 08 14 13 14 
19 10 02 02 01 
13 12 04 10 07 
17 05 19 04 07 
11 16 02 05 02 
01 10 02 03 13 
04 13 07 08 06 
07 02 16 18 05 
04 10 11 20 15 
23 02 04 22 06 
01 18 12 03 14 
07 13 03 08 04 
15 04 13 02 03 
03 19 21 20 03 
04 05 11 06 14 
06 10 09 03 14 