60

10 15 06 16 10 
19 09 05 24 13 
03 07 14 20 24 
07 01 03 13 21 
07 21 17 10 12 
06 05 01 05 23 
14 01 08 06 11 
04 03 15 15 09 
01 01 03 04 14 
07 17 15 02 10 
16 03 18 15 03 
21 23 24 07 19 
04 07 08 09 15 
03 16 14 12 13 
24 02 18 03 01 
16 14 10 23 06 
16 07 04 02 05 
11 12 01 14 03 
22 04 03 19 07 
09 23 16 02 03 
14 04 02 11 03 
24 08 11 07 04 
05 23 17 16 12 
16 11 13 07 17 
04 11 05 02 07 
22 02 01 03 03 
17 02 01 21 07 
10 03 05 13 16 
01 03 09 17 13 
13 07 11 22 15 
05 23 19 18 08 
24 02 11 01 15 
11 11 10 02 22 
22 18 09 21 24 
08 04 05 23 02 
13 07 14 15 03 
21 01 14 01 10 
14 02 19 24 18 
23 03 11 03 08 
07 13 17 03 07 
10 15 01 01 02 
15 16 03 05 09 
03 04 13 10 03 
19 01 12 08 06 
15 12 22 01 07 
12 23 07 08 07 
01 11 11 12 05 
13 11 08 15 12 
11 12 16 01 02 
06 15 03 13 06 
01 09 15 06 16 
01 11 14 20 01 
05 08 22 08 11 
09 12 14 19 11 
20 05 01 16 01 
09 02 01 14 10 
08 12 22 01 02 
04 04 02 03 07 
06 17 08 16 14 
09 06 07 07 10 