60

14 12 04 24 19 
11 05 02 08 22 
12 14 09 13 06 
02 04 01 20 16 
06 16 03 17 21 
08 18 16 06 14 
18 06 09 03 02 
01 01 17 02 08 
08 21 02 01 15 
02 01 19 02 18 
02 03 10 20 22 
08 06 12 08 03 
13 13 24 06 16 
04 06 08 10 06 
08 09 13 12 06 
01 07 05 14 19 
03 15 14 03 05 
03 07 01 03 06 
04 07 07 11 21 
12 15 15 04 07 
02 01 08 22 09 
02 08 06 21 04 
18 10 04 04 09 
05 16 03 09 20 
19 22 06 08 02 
11 04 15 11 09 
04 03 01 15 01 
02 11 14 04 10 
15 23 14 22 03 
05 19 14 12 09 
13 09 06 16 05 
16 24 06 03 07 
11 06 03 22 16 
13 19 09 20 06 
23 06 03 21 16 
05 06 07 07 02 
01 05 13 10 11 
08 10 07 16 14 
14 11 09 11 21 
01 08 13 14 13 
09 20 10 05 04 
05 01 10 12 04 
05 22 01 11 02 
01 17 10 07 04 
05 10 06 22 10 
05 03 09 07 11 
05 05 01 17 12 
04 02 08 07 07 
07 05 15 06 13 
13 14 10 09 04 
20 05 16 22 19 
20 05 01 03 12 
20 16 08 11 03 
04 05 07 16 09 
06 08 05 24 03 
18 06 06 07 17 
24 09 07 02 05 
03 03 01 07 13 
05 07 19 01 15 
08 05 15 08 17 