60

07 21 02 12 24 
20 03 15 10 16 
06 02 09 08 05 
20 03 18 08 14 
22 07 08 01 08 
17 01 07 04 03 
06 20 01 15 03 
08 13 06 01 03 
05 08 01 07 07 
07 19 03 06 08 
15 02 08 05 06 
09 11 02 08 13 
16 18 03 03 01 
12 05 04 18 21 
08 10 02 14 01 
04 07 06 09 07 
22 08 10 10 06 
04 10 13 07 04 
06 04 24 03 10 
04 20 08 02 12 
17 16 01 02 21 
16 11 12 05 21 
07 13 04 21 05 
03 03 13 06 11 
16 14 01 03 05 
16 11 02 15 02 
18 14 03 02 05 
12 10 23 01 16 
07 07 18 02 01 
08 15 23 10 13 
11 12 04 13 01 
09 05 03 14 15 
17 04 04 15 14 
01 08 10 17 01 
05 13 12 11 02 
05 11 02 04 07 
23 16 05 03 20 
07 12 19 13 07 
02 08 11 01 11 
13 17 04 09 16 
24 18 10 04 08 
23 09 01 11 21 
16 03 11 06 10 
24 18 06 22 11 
03 07 16 18 14 
13 06 06 06 11 
18 14 11 02 23 
03 02 04 01 14 
14 18 02 11 04 
16 10 12 08 08 
03 01 23 22 15 
06 05 16 07 12 
12 02 15 11 02 
04 07 24 17 03 
03 20 02 07 01 
21 15 09 18 02 
08 17 10 23 05 
05 11 08 05 17 
08 16 09 10 12 
13 10 02 14 14 