60

06 05 05 14 04 
03 23 15 17 09 
06 22 03 08 05 
13 09 21 08 04 
11 08 06 02 11 
13 07 01 01 04 
12 08 15 11 16 
16 02 24 12 19 
14 09 04 24 07 
02 07 06 04 21 
23 07 07 10 04 
05 08 12 14 16 
20 02 08 24 16 
06 24 15 07 20 
03 09 08 09 11 
06 07 02 22 10 
13 20 09 10 11 
07 04 03 13 04 
24 16 08 09 02 
06 04 03 17 08 
16 08 07 08 20 
16 01 06 17 19 
03 04 02 06 09 
06 07 22 17 10 
03 05 03 19 02 
07 17 01 04 11 
18 02 15 13 05 
12 09 06 06 11 
07 04 03 04 24 
08 04 09 23 16 
03 07 18 12 09 
04 16 21 09 07 
06 01 12 12 09 
14 06 05 10 12 
18 05 15 15 03 
12 06 01 16 15 
04 20 09 24 07 
03 07 12 11 06 
23 10 06 02 12 
02 01 06 07 03 
13 07 07 05 05 
06 02 10 09 22 
21 01 06 06 07 
14 08 05 07 10 
02 11 15 04 03 
04 07 24 02 11 
09 16 13 07 04 
24 06 02 02 05 
19 04 02 01 03 
07 12 13 23 05 
04 01 08 01 11 
02 15 15 08 13 
02 14 03 01 09 
05 21 15 19 16 
07 03 08 09 02 
16 14 17 16 08 
15 07 04 02 08 
07 18 17 16 10 
03 22 01 08 08 
07 09 02 10 23 