60

17 11 16 14 07 
03 09 23 16 04 
05 04 05 16 02 
08 02 16 20 05 
22 08 06 11 09 
12 14 08 01 16 
18 08 01 03 07 
13 06 24 03 07 
08 12 16 18 08 
08 07 01 16 05 
02 11 04 07 01 
10 01 08 16 12 
04 05 06 16 09 
02 01 11 13 02 
03 20 10 04 08 
14 04 03 02 10 
24 16 07 15 22 
07 01 20 04 03 
07 14 21 02 19 
14 05 07 13 03 
06 04 07 23 03 
07 01 04 07 05 
02 15 05 15 09 
11 07 20 07 23 
03 20 03 21 19 
01 21 19 11 22 
18 06 12 02 05 
19 09 17 10 14 
05 08 11 05 16 
13 10 04 15 05 
03 23 21 08 02 
01 11 08 11 02 
13 18 05 16 02 
16 04 10 14 14 
03 01 03 13 08 
05 11 23 12 02 
10 05 19 13 07 
08 13 11 16 02 
02 07 05 01 15 
22 04 02 16 12 
01 13 02 08 06 
19 24 07 08 02 
14 03 14 08 13 
03 22 01 05 20 
04 04 19 03 17 
03 12 02 05 04 
08 03 12 08 04 
21 18 08 06 01 
12 16 19 24 07 
05 06 08 11 16 
10 14 17 07 06 
15 14 17 23 06 
02 10 09 14 02 
23 12 14 07 06 
02 04 04 07 13 
08 23 10 13 12 
16 11 01 06 10 
01 14 21 10 14 
15 09 08 21 22 
10 18 16 06 17 