60

05 02 07 04 08 
12 03 18 08 19 
04 07 02 08 24 
07 08 06 06 15 
06 16 03 03 18 
05 22 21 19 09 
04 17 05 02 03 
14 07 15 02 18 
08 03 22 04 04 
11 01 22 03 09 
04 24 12 13 01 
05 23 07 08 16 
09 01 06 03 02 
02 09 11 08 09 
20 03 03 05 23 
16 20 04 08 11 
08 07 03 01 21 
12 14 04 09 08 
13 20 21 09 16 
01 03 07 13 05 
20 04 02 10 05 
04 17 10 08 04 
11 21 12 06 08 
04 15 08 14 07 
16 18 16 09 08 
06 06 07 21 01 
04 02 10 21 07 
17 08 04 19 13 
07 13 01 19 04 
16 23 11 08 20 
24 01 13 12 18 
04 06 08 09 04 
02 04 10 08 05 
12 06 09 02 15 
15 17 02 08 09 
06 08 05 08 07 
06 20 04 02 15 
03 04 02 14 12 
23 07 24 08 04 
15 06 08 13 16 
16 03 04 20 01 
11 05 15 11 16 
11 03 20 14 12 
12 08 24 07 03 
12 06 07 17 05 
15 22 12 06 24 
07 02 04 01 19 
16 11 06 22 06 
16 12 12 01 19 
12 15 19 21 06 
06 14 13 05 01 
13 01 07 19 04 
08 02 13 09 22 
14 06 16 01 24 
06 03 09 09 11 
08 01 02 09 03 
21 19 14 04 24 
22 04 05 01 06 
03 10 06 14 15 
04 03 05 06 01 