60

03 11 10 05 02 
08 01 09 04 16 
13 14 02 17 20 
05 13 10 01 15 
09 09 08 06 02 
15 08 13 18 02 
23 05 03 12 05 
01 08 22 02 12 
11 01 11 12 09 
02 08 06 04 08 
03 02 15 05 17 
12 11 21 01 10 
04 12 18 08 06 
04 01 23 14 08 
07 12 18 08 16 
09 03 17 05 08 
24 07 05 03 15 
07 03 07 14 08 
08 14 21 06 15 
06 16 10 01 11 
03 07 08 17 06 
05 03 22 06 12 
06 19 03 08 09 
15 05 09 02 19 
01 11 03 19 04 
01 20 10 22 01 
15 20 12 22 03 
09 23 03 11 07 
08 12 01 01 12 
02 04 11 10 19 
14 24 07 02 07 
17 03 01 02 18 
07 18 11 06 14 
16 12 03 22 08 
01 02 15 10 11 
05 03 04 15 14 
14 07 04 24 04 
07 15 19 11 20 
03 10 06 15 06 
06 10 12 12 07 
01 10 06 03 04 
10 05 03 13 09 
17 05 08 11 10 
12 08 21 05 14 
04 16 05 08 11 
17 11 18 09 21 
22 12 18 09 02 
12 04 16 03 22 
11 12 05 03 10 
16 04 08 03 01 
23 11 08 10 24 
01 07 09 16 08 
24 16 01 11 08 
07 16 19 02 13 
19 13 01 01 02 
16 13 05 11 06 
16 02 01 08 09 
09 03 07 05 18 
21 07 11 13 04 
01 12 09 08 18 