60

01 11 05 06 01 
05 01 13 01 04 
03 06 04 03 24 
11 05 10 18 16 
06 19 16 02 03 
02 01 01 04 08 
05 22 19 17 23 
02 10 15 16 06 
05 13 18 23 14 
18 19 06 02 24 
05 14 16 10 18 
09 18 22 06 03 
05 17 06 06 08 
07 11 12 24 08 
04 21 12 18 02 
02 09 06 08 04 
22 05 01 14 08 
04 05 03 03 06 
11 12 15 01 02 
14 21 16 10 11 
05 16 06 04 10 
15 23 05 02 02 
17 06 02 12 11 
20 01 11 06 21 
13 03 12 07 05 
06 07 07 03 11 
08 20 01 08 08 
01 16 05 01 02 
15 09 02 14 14 
10 07 22 12 02 
09 03 12 09 03 
15 07 10 14 13 
14 22 24 09 06 
10 02 11 01 18 
04 03 06 09 11 
02 03 11 13 05 
19 05 08 06 06 
11 07 14 13 02 
19 20 04 14 15 
08 11 09 04 08 
21 01 12 05 03 
03 02 04 04 01 
11 12 09 05 01 
14 07 09 01 01 
15 08 04 03 09 
23 10 02 04 08 
06 11 08 04 24 
12 01 04 20 17 
16 08 12 15 06 
11 05 13 08 16 
05 11 23 02 04 
03 03 18 03 17 
08 01 19 10 13 
06 24 13 02 08 
19 02 05 16 07 
07 03 03 09 04 
04 07 10 20 01 
09 01 09 14 02 
01 01 12 09 11 
23 02 05 20 15 