60

02 07 19 09 05 
01 06 06 20 04 
02 01 13 06 08 
22 05 07 07 03 
08 09 08 05 11 
08 04 14 11 03 
16 02 04 06 04 
10 13 12 14 04 
22 07 06 10 20 
10 17 10 01 02 
03 02 07 17 04 
19 01 09 15 10 
12 14 03 16 10 
04 16 20 23 10 
07 13 16 14 07 
15 01 10 06 11 
04 15 14 01 09 
03 08 03 12 09 
24 01 04 05 07 
06 21 04 01 05 
14 03 06 05 12 
03 04 13 03 08 
15 06 12 20 02 
08 07 20 15 05 
08 01 10 08 06 
07 08 03 09 07 
14 12 05 05 02 
03 13 07 15 07 
01 04 14 12 03 
07 11 03 08 02 
11 07 13 18 03 
19 10 23 05 22 
13 03 07 19 04 
08 14 01 17 08 
14 12 10 21 05 
08 01 02 07 09 
22 05 01 05 09 
12 08 09 03 01 
20 19 04 05 03 
15 06 21 04 22 
06 11 18 
15 02 04 19 14 
05 22 05 03 06 
23 22 06 06 09 
03 01 14 06 11 
15 23 09 10 17 
05 08 11 24 09 
07 09 03 03 11 
07 11 14 03 04 
08 14 16 06 13 
05 21 11 15 06 
04 07 22 04 10 
01 06 21 09 06 
04 07 20 05 10 
21 22 06 11 04 
12 03 24 05 08 
05 07 08 17 12 
21 14 12 24 05 
12 04 24 23 05 
09 22 11 08 01 