60

06 09 01 22 03 
08 13 19 15 13 
03 09 02 10 22 
10 06 04 03 05 
13 01 20 14 07 
07 13 06 21 08 
23 08 11 10 17 
03 02 05 06 08 
15 04 10 01 06 
17 09 06 07 01 
24 22 20 12 06 
05 05 07 09 14 
09 23 20 14 03 
08 13 09 13 24 
10 02 09 04 08 
11 08 15 18 05 
15 06 14 08 04 
07 02 02 13 03 
03 11 13 08 09 
03 13 22 08 05 
05 22 05 09 11 
24 14 04 08 16 
07 05 24 01 09 
09 05 06 16 22 
21 16 01 07 06 
24 14 15 05 10 
11 01 22 04 03 
22 01 15 20 01 
16 10 22 07 03 
09 16 15 02 05 
18 06 08 04 09 
22 08 02 16 05 
02 04 13 03 01 
02 16 10 14 09 
05 19 11 09 12 
03 04 01 19 01 
05 17 02 09 22 
02 11 04 10 03 
11 24 06 10 18 
07 16 07 04 22 
07 22 07 23 01 
14 06 01 06 01 
09 16 01 23 04 
16 15 12 03 13 
04 20 09 23 03 
03 14 04 04 08 
20 05 13 22 06 
15 01 12 19 02 
01 11 08 02 07 
23 02 12 06 03 
05 06 16 05 22 
15 03 08 07 06 
07 09 24 10 02 
11 04 08 15 06 
04 01 08 07 05 
03 11 12 01 13 
12 04 07 17 03 
09 07 07 20 15 
01 07 03 15 17 
14 04 06 05 04 