60

15 07 04 05 01 
05 08 03 15 20 
16 05 15 12 01 
07 21 03 14 06 
13 10 07 02 20 
21 07 05 08 08 
05 02 08 16 12 
17 01 16 05 04 
06 05 12 08 02 
11 16 08 07 10 
04 09 22 24 13 
02 06 14 22 12 
23 06 22 05 03 
23 10 12 08 20 
03 22 04 08 23 
09 08 10 06 20 
23 01 01 21 03 
11 24 08 13 15 
07 15 01 18 02 
24 05 03 04 09 
08 17 14 01 07 
03 01 06 02 02 
14 05 01 09 08 
12 21 04 20 15 
19 11 12 10 03 
06 07 02 09 23 
04 11 05 01 06 
06 05 23 03 06 
11 16 01 09 10 
23 08 14 07 15 
07 06 14 23 09 
13 02 08 24 18 
10 05 08 14 06 
02 10 06 15 16 
09 12 17 13 07 
10 03 08 12 07 
06 11 12 06 05 
01 06 14 11 07 
15 22 21 06 06 
04 20 14 19 10 
12 13 17 04 03 
07 22 05 12 01 
08 19 07 05 06 
12 09 16 14 14 
11 04 21 02 03 
02 17 19 22 07 
03 16 10 01 07 
04 19 17 02 07 
14 13 24 07 08 
12 02 11 09 13 
04 02 08 10 01 
05 02 18 08 04 
14 13 13 04 03 
08 14 09 20 08 
06 12 09 22 16 
09 01 07 14 04 
16 03 07 08 04 
04 21 09 10 01 
16 10 04 01 13 
01 04 04 03 22 