60

06 14 24 12 09 
07 07 10 11 16 
02 02 07 08 15 
05 09 04 07 01 
08 05 13 06 15 
05 01 18 23 12 
03 08 13 04 14 
06 08 15 07 04 
08 21 17 10 14 
23 10 14 06 01 
13 05 08 04 07 
24 08 02 14 13 
11 06 05 20 09 
14 05 05 10 08 
05 03 18 14 22 
20 02 12 03 11 
10 23 12 04 04 
19 21 06 10 10 
13 01 17 07 11 
18 15 03 04 06 
06 16 16 24 06 
03 08 02 10 16 
16 18 04 23 08 
07 01 03 01 07 
09 07 14 04 11 
08 03 09 02 08 
11 16 09 04 01 
19 07 12 15 10 
14 02 03 21 09 
16 14 13 08 15 
03 08 18 14 02 
03 23 13 07 09 
05 07 08 12 03 
06 02 11 05 08 
10 02 11 05 03 
05 08 19 09 10 
09 19 16 15 15 
11 04 05 09 23 
07 16 06 04 03 
12 21 23 02 03 
23 05 14 22 01 
04 08 24 10 09 
04 08 24 10 09 
04 08 24 10 09 
17 01 02 01 
07 17 12 06 09 
01 03 02 07 03 
12 03 02 21 02 
06 10 20 12 14 
06 18 08 03 09 
13 02 06 01 17 
05 16 05 07 04 
11 18 13 04 03 
02 18 07 03 23 
11 17 07 20 19 
14 14 10 16 03 
02 03 08 07 20 
11 08 02 10 17 
14 02 16 16 09 