60

06 13 10 18 11 
13 12 02 13 02 
16 07 14 07 01 
07 18 08 03 05 
05 08 15 10 04 
01 07 10 21 20 
13 17 10 23 14 
04 16 05 08 06 
04 16 05 08 06 
02 14 18 
04 08 10 05 01 
02 21 10 04 03 
07 20 11 05 08 
17 04 15 06 08 
18 04 08 14 04 
03 10 09 01 16 
08 01 04 07 04 
09 10 19 01 24 
02 10 19 10 03 
10 09 07 19 01 
07 09 04 06 18 
12 04 19 13 11 
01 22 02 16 18 
17 07 11 11 08 
21 05 02 05 07 
13 05 06 16 07 
08 08 16 02 14 
04 10 11 16 16 
23 11 19 01 06 
15 09 08 05 07 
07 22 02 23 14 
20 01 23 05 14 
11 04 05 11 04 
12 08 03 20 19 
04 18 12 02 07 
17 03 05 11 15 
22 04 09 05 01 
10 06 21 11 14 
03 05 10 16 19 
13 02 06 10 04 
13 14 04 05 17 
22 09 16 02 06 
04 07 02 19 13 
11 03 04 07 24 
20 17 21 08 11 
01 07 10 18 03 
04 07 08 06 05 
04 18 12 17 03 
16 02 07 10 08 
17 08 02 12 13 
10 07 18 08 21 
05 02 10 08 01 
07 21 09 15 10 
12 11 02 09 05 
10 12 14 03 05 
15 04 22 06 05 
02 15 07 06 03 
10 18 20 21 04 
01 09 14 04 19 
15 16 15 03 02 