60

13 21 02 07 24 
13 09 20 07 10 
05 05 17 16 14 
24 08 01 06 15 
13 13 04 07 05 
13 05 04 21 07 
22 14 09 04 04 
08 01 05 24 16 
16 03 06 17 07 
15 17 07 10 10 
03 07 18 02 13 
14 04 16 08 05 
08 19 07 02 08 
04 02 15 14 07 
08 09 20 09 10 
21 06 01 01 13 
15 19 02 02 04 
02 07 08 14 11 
03 02 17 05 10 
14 17 10 04 02 
09 03 01 20 16 
08 16 18 11 02 
18 22 08 05 11 
01 20 04 21 19 
04 09 02 03 09 
02 03 13 10 06 
01 17 15 03 11 
14 20 23 09 03 
01 24 02 02 15 
07 16 20 11 05 
05 05 19 16 04 
24 05 02 01 16 
06 16 01 03 10 
01 08 03 07 03 
11 07 02 10 08 
02 08 24 06 05 
14 19 06 03 07 
12 10 02 16 24 
08 06 16 08 05 
03 05 02 07 06 
09 13 07 17 14 
16 09 13 09 23 
09 11 19 16 16 
07 14 01 15 10 
03 10 17 01 10 
19 05 02 16 01 
13 14 11 15 03 
23 04 01 02 08 
01 11 11 22 24 
09 03 10 12 05 
24 14 04 08 01 
04 06 04 07 15 
01 11 16 03 15 
02 07 12 21 13 
05 04 04 14 10 
12 02 18 15 05 
08 07 07 02 14 
02 06 14 03 08 
06 14 18 07 07 
05 13 03 09 24 