60

01 02 14 24 04 
07 21 09 14 01 
11 23 12 11 13 
01 24 18 05 19 
09 02 10 14 05 
01 24 01 02 14 
18 03 01 13 05 
06 21 15 24 07 
12 02 24 16 09 
24 20 09 04 13 
03 15 17 04 04 
07 08 06 01 13 
16 23 05 03 06 
13 22 08 06 05 
23 06 07 02 12 
01 07 02 19 02 
17 08 04 08 06 
19 17 23 14 05 
03 14 16 23 18 
08 01 23 24 11 
05 07 04 22 07 
03 01 23 19 02 
11 05 06 10 08 
11 15 07 10 20 
03 01 02 03 14 

06 02 09 
24 04 15 07 10 
01 18 09 05 23 
03 11 03 01 15 
09 16 04 02 03 
02 03 13 11 03 
01 06 03 06 04 
11 23 02 03 03 
22 08 02 02 11 
23 18 09 17 08 
16 06 09 22 07 
02 21 23 01 10 
09 08 16 07 04 
11 02 12 06 19 
21 01 04 05 15 

17 06 
15 22 03 21 
05 11 12 15 02 
19 05 07 14 11 
19 05 15 07 06 
24 14 07 18 04 
08 16 04 06 19 
13 10 13 09 22 
09 14 13 08 08 
13 01 14 22 12 
07 02 21 14 03 
06 17 14 19 15 
01 09 07 03 10 
04 19 02 07 07 
04 02 06 05 13 
14 11 16 10 05 
01 04 04 08 16 
04 14 01 06 05 