60

14 09 04 24 21 
15 16 17 01 14 
02 07 23 16 19 
12 15 19 05 21 
06 01 11 17 04 
06 10 14 04 10 
07 01 18 08 14 
02 10 12 01 01 
04 03 19 05 24 
24 17 22 23 11 
18 04 03 05 13 
12 15 02 06 22 
01 02 13 08 07 
05 08 19 15 06 
08 02 23 04 07 
11 05 21 02 01 
14 03 05 03 01 
10 02 01 01 17 
13 03 04 12 11 
08 23 07 16 12 
03 12 05 04 03 
03 02 08 06 04 
13 03 12 15 03 
07 12 03 19 23 
14 01 07 12 01 
11 13 11 04 04 
04 03 02 10 08 
02 01 03 15 12 
14 10 09 06 15 
14 11 14 20 02 
01 16 16 12 10 
14 11 23 07 09 
06 12 16 19 11 
02 02 05 14 12 
09 03 15 13 05 
05 08 08 12 07 
15 06 06 07 17 
13 07 14 13 10 
06 06 01 02 16 
12 06 13 08 23 
02 04 10 08 23 
16 07 04 14 06 
02 21 23 22 06 
05 16 03 06 13 
03 19 11 02 23 
05 17 12 05 23 
04 12 01 10 06 
15 22 13 04 06 
13 22 01 05 07 
11 18 24 14 02 
11 15 13 22 24 
12 15 20 13 07 
06 19 04 06 05 
19 07 06 04 07 
06 13 02 06 03 
02 03 18 07 06 
02 20 16 03 18 
22 14 20 19 21 
06 10 14 04 15 
02 16 04 11 07 