60

11 06 01 07 04 
09 11 13 02 22 
07 04 10 03 02 
08 09 13 20 11 
19 10 02 07 06 
05 03 12 08 12 
15 13 05 12 05 
02 06 02 20 10 
01 05 07 05 04 
02 24 05 09 01 
07 05 13 02 15 
03 05 14 12 11 
19 09 21 13 06 
02 18 06 05 12 
10 06 21 19 02 
03 04 15 10 11 
18 06 23 01 12 
11 03 06 10 15 
06 03 11 08 05 
15 02 01 06 21 
05 09 07 03 18 
12 04 08 11 14 
10 01 01 11 06 
10 07 15 12 18 
24 11 01 06 15 
21 08 03 18 05 
17 20 03 12 09 
17 04 04 08 22 
05 06 23 04 09 
12 24 07 22 13 
07 20 02 14 05 
17 23 12 16 05 
14 06 04 05 10 
20 18 12 21 02 
10 13 11 17 23 
07 13 16 07 22 
02 04 04 07 05 
05 19 07 06 03 
21 19 09 18 06 
03 02 02 08 23 
11 06 02 16 11 
13 08 18 16 07 
11 17 15 07 23 
04 05 02 04 21 
13 11 06 06 04 
02 06 04 06 10 
06 08 02 24 11 
15 08 06 06 11 
06 01 08 01 13 
06 14 
05 13 04 16 09 
02 12 24 01 02 
11 01 02 11 15 
11 04 14 17 13 
01 03 13 09 21 
15 11 17 07 05 
11 04 02 17 05 
01 05 01 16 10 
05 07 15 20 03 
15 04 07 05 08 