60

03 08 21 01 17 
05 19 17 04 23 
06 21 22 14 24 
10 20 02 23 16 
11 16 03 01 11 
02 14 01 05 10 
11 06 24 13 15 
04 11 07 16 05 
10 12 02 10 01 
04 03 06 07 19 
02 03 02 15 11 
17 20 02 09 05 
08 20 02 01 13 
13 16 05 08 17 
10 22 03 02 16 
07 08 16 08 03 
02 11 19 03 13 
13 02 05 12 05 
11 13 08 01 02 
21 16 01 14 24 
16 02 19 01 04 
23 06 08 06 17 
14 04 21 13 24 
22 07 15 08 10 
17 04 03 06 12 
21 03 06 08 09 
12 07 06 02 09 
16 03 08 02 15 
07 02 21 05 14 
01 08 04 04 22 
02 09 21 13 08 
12 18 13 06 02 
15 11 13 14 13 
16 05 23 02 14 
08 12 06 10 05 
02 13 05 17 08 
04 08 15 03 01 
14 07 11 06 04 
05 03 03 02 06 
07 09 02 03 22 
16 07 06 13 06 
06 12 24 19 22 
04 13 08 01 08 
22 07 13 04 11 
10 14 07 05 04 
13 05 24 12 04 
06 14 05 04 02 
16 10 07 09 08 
16 24 12 04 04 
24 15 23 10 08 
05 04 06 02 23 
10 21 08 14 02 
23 02 09 19 05 
10 01 16 08 08 
08 12 20 24 06 
04 02 02 07 06 
01 11 02 13 15 
24 03 15 02 05 
08 16 04 13 13 
01 24 06 19 08 