60

03 18 11 16 07 
02 19 07 06 15 
16 06 04 04 17 
02 02 18 04 07 
15 12 04 03 18 
14 21 03 09 19 
22 07 04 16 10 
01 20 05 06 04 
04 21 06 08 11 
15 04 08 09 06 
04 02 16 18 20 
05 05 07 21 08 
04 02 03 03 11 
12 23 22 08 13 
14 15 12 08 16 
06 08 13 13 12 
24 23 16 07 14 
17 10 11 06 02 
05 01 07 10 01 
12 07 08 10 05 
23 03 14 07 01 
24 11 06 18 10 
03 22 20 11 16 
07 21 02 03 11 
13 05 04 10 15 
06 14 20 03 02 
17 07 09 01 11 
03 12 13 09 13 
13 05 16 23 24 
08 08 01 14 04 
01 15 06 21 13 
22 08 04 12 19 
13 04 05 06 16 
01 09 13 10 18 
24 05 12 18 19 
10 08 07 16 24 
08 05 09 05 19 
03 20 04 06 22 
08 02 03 17 01 
13 04 04 08 18 
06 16 03 02 08 
02 13 08 16 01 
23 07 16 03 15 
16 08 12 03 01 
22 04 05 09 08 
02 19 08 03 01 
19 06 11 15 06 
20 07 06 09 01 
14 07 08 14 16 
22 15 02 06 01 
01 22 14 11 03 
05 06 19 15 02 
17 13 04 20 22 
13 13 24 07 12 
22 04 05 06 14 
10 02 04 24 03 
18 17 20 01 16 
04 14 10 17 14 
20 09 03 13 09 
16 03 09 02 13 