60

13 16 10 05 06 
16 10 21 11 08 
07 23 06 19 05 
01 15 02 02 14 
22 11 06 02 18 
14 20 02 01 13 
14 24 07 23 09 
07 06 05 03 03 
14 23 11 01 09 
14 15 06 05 17 
05 11 12 20 03 
11 06 05 12 05 
04 24 02 02 10 
22 06 05 02 09 
13 02 24 17 07 
05 02 10 03 17 
06 12 23 02 19 
05 16 03 05 04 
01 09 13 02 04 
05 08 14 16 02 
05 04 07 11 02 
01 03 02 12 13 
13 05 15 09 06 
05 04 22 13 04 
04 08 09 01 06 
17 14 01 08 08 
12 11 04 03 06 
15 03 07 13 07 
24 18 01 03 14 
02 06 16 11 21 
13 07 10 05 23 
16 20 18 11 04 
14 24 05 12 10 
11 07 12 24 11 
13 09 04 06 07 
12 24 10 20 22 
03 08 01 12 24 
13 03 07 09 12 
06 11 03 09 07 
16 15 09 06 02 
19 11 08 01 07 
05 04 06 17 02 
02 10 11 23 16 
12 01 08 14 01 
16 08 08 05 19 
04 11 22 15 06 
02 07 06 04 06 
12 20 07 01 14 
04 12 21 03 15 
21 10 10 03 03 
03 03 04 11 06 
09 17 08 18 16 
06 04 07 12 08 
10 03 02 14 07 
11 08 21 08 22 
24 03 14 06 12 
07 18 12 04 08 
11 21 04 14 13 
05 04 09 08 10 
03 16 06 16 04 