60

18 20 01 01 07 
23 07 12 05 15 
13 07 21 05 02 
06 20 02 23 05 
15 10 06 07 04 
16 07 06 10 03 
05 06 03 02 02 
03 01 22 20 04 
17 01 06 07 19 
07 08 01 20 08 
18 07 09 06 04 
13 23 09 12 08 
02 08 09 19 08 
15 05 02 05 11 
08 18 09 14 04 
10 05 05 04 10 
03 04 16 12 06 
23 05 22 04 10 
01 12 04 09 06 
05 03 02 10 05 
04 11 10 14 17 
02 03 06 10 22 
06 11 03 20 19 
17 02 07 05 12 
03 05 04 15 06 
16 12 08 10 12 
10 08 06 16 24 
23 20 01 07 09 
04 18 02 07 02 
13 02 12 17 09 
15 15 08 06 16 
07 03 04 20 12 
05 23 03 03 12 
21 10 02 09 04 
14 05 15 22 10 
07 06 08 11 05 
12 13 17 08 03 
08 04 12 01 04 
06 16 23 10 08 
06 18 01 07 01 
24 13 10 09 02 
17 15 09 19 05 
08 15 01 02 14 
06 15 12 17 15 
05 08 10 01 09 
24 03 02 05 04 
01 07 11 08 13 
11 07 04 24 01 
01 10 01 06 13 
10 09 12 13 02 
21 03 23 09 05 
17 06 07 06 06 
02 07 01 08 07 
22 02 13 02 07 
08 10 07 04 16 
13 12 15 09 20 
09 05 13 02 24 
22 10 02 05 17 
03 16 20 13 17 
03 16 02 11 06 