60

17 07 07 13 22 
20 04 07 04 03 
01 06 11 22 04 
05 10 04 07 04 
02 06 08 17 03 
05 13 01 02 05 
04 08 03 14 06 
10 16 12 06 18 
04 08 05 24 11 
01 06 02 11 16 
13 06 01 22 01 
24 01 13 04 05 
16 22 03 13 24 
19 17 03 12 04 
03 01 03 01 08 
12 02 21 03 06 
07 08 16 14 02 
01 09 04 01 20 
10 18 03 01 21 
20 07 23 05 16 
04 03 20 07 04 
04 01 12 19 08 
09 14 02 06 17 
18 07 02 17 08 
07 03 20 15 12 
03 08 02 01 03 
07 12 06 01 20 
13 14 15 01 10 
12 01 05 13 10 
13 18 06 08 09 
09 11 22 11 13 
06 03 03 07 09 
12 09 01 04 14 
07 14 03 05 08 
08 12 24 07 04 
05 11 16 04 05 
07 17 13 09 20 
20 03 03 17 02 
13 04 11 04 23 
17 13 07 11 03 
07 02 16 10 07 
08 07 20 11 01 
16 07 01 02 15 
15 06 05 07 20 
24 20 01 07 13 
08 01 03 01 10 
05 24 12 16 15 
12 21 08 04 02 
04 16 12 08 14 
05 20 01 08 06 
01 09 04 14 02 
07 04 04 20 19 
01 21 09 16 11 
04 02 06 24 15 
07 01 01 19 09 
21 02 01 07 05 
12 01 07 02 18 
04 09 18 23 16 
10 04 06 03 19 
11 05 07 01 17 