60

03 10 11 05 02 
06 04 23 01 06 
22 12 08 02 04 
16 15 19 01 07 
06 01 14 01 07 
10 22 16 10 04 
21 09 06 01 17 
09 08 22 07 14 
05 10 11 13 15 
11 02 16 21 05 
12 10 15 13 08 
15 05 10 13 01 
07 15 07 01 04 
12 13 18 15 03 
07 17 06 03 02 
06 07 02 22 04 
18 01 08 07 13 
01 02 02 03 12 
19 09 16 06 08 
20 01 09 06 23 
23 15 09 19 03 
08 07 03 17 08 
12 08 06 03 14 
11 18 03 24 16 
08 03 24 07 12 
07 10 06 11 09 
02 05 03 03 13 
08 03 17 05 09 
14 18 01 08 11 
04 02 02 04 11 
02 13 04 10 15 
01 17 08 16 15 
20 01 17 24 08 
14 02 20 04 12 
07 15 01 05 03 
13 14 20 08 04 
16 04 02 15 12 
03 09 02 06 19 
05 04 15 04 23 
19 02 05 02 01 
04 08 16 04 04 
07 10 23 03 03 
02 20 09 04 22 
02 04 15 02 01 
08 05 08 12 04 
15 08 16 04 05 
19 03 24 07 04 
04 20 21 24 01 
10 21 15 14 04 
01 07 24 09 05 
17 19 16 20 18 
11 10 13 03 07 
06 21 06 02 15 
12 23 05 11 10 
18 07 04 23 03 
05 19 14 11 04 
11 16 10 10 02 
09 01 14 05 01 
18 04 13 08 04 
08 14 19 07 05 