60

20 02 17 06 14 
16 09 03 10 01 
05 15 06 08 05 
12 06 16 08 04 
03 05 11 16 02 
08 05 13 16 13 
01 07 08 04 03 
16 01 03 03 16 
23 12 03 22 01 
20 19 08 03 01 
06 12 04 03 17 
08 11 17 07 07 
03 21 14 12 09 
01 04 06 07 06 
15 17 02 05 06 
04 04 23 05 24 
19 08 08 06 03 
01 16 14 22 05 
11 15 09 06 19 
02 22 06 17 08 
04 08 23 14 03 
05 14 08 10 11 
14 05 04 16 20 
07 08 11 07 14 
02 04 22 15 08 
03 22 07 19 11 
15 07 10 01 06 
12 09 01 08 10 
06 19 11 10 04 
06 03 01 06 05 
02 08 10 09 14 
05 08 03 10 12 
05 19 01 11 15 
01 01 09 05 07 
08 02 19 17 05 
02 05 04 08 09 
12 05 01 16 07 
01 14 23 10 11 
01 08 20 11 16 
19 05 15 05 21 
08 19 23 10 18 
01 05 11 10 09 
02 07 13 08 05 
08 24 20 13 01 
08 08 08 10 20 
06 15 05 11 10 
08 11 06 01 11 
08 01 12 02 10 
15 02 01 24 17 
10 15 06 11 03 
22 03 15 02 06 
11 20 07 04 17 
16 14 13 09 10 
02 06 04 21 09 
01 07 02 04 05 
15 01 16 03 08 
02 03 04 11 08 
05 04 18 06 07 
22 02 20 09 06 
01 09 16 14 05 