60

21 12 10 01 16 
13 10 21 15 02 
05 23 02 11 21 
04 17 16 15 04 
17 10 01 06 05 
24 19 07 05 05 
05 04 03 17 14 
04 16 03 10 03 
07 06 02 01 09 
03 06 11 03 10 
04 14 13 16 14 
10 16 02 12 23 
05 24 21 01 02 
22 05 19 09 03 
22 09 18 19 05 
23 03 02 20 14 
15 06 10 01 18 
02 10 13 02 04 
14 13 06 24 16 
17 14 21 10 04 
05 15 12 11 13 
06 07 15 01 06 
02 15 13 04 12 
23 09 14 12 07 
12 08 14 15 03 
04 13 05 20 04 
06 14 19 10 05 
11 09 18 11 19 
07 22 06 08 08 
13 16 01 03 20 
03 02 05 06 22 
01 21 11 06 08 
11 13 07 02 12 
02 03 22 02 07 
08 24 05 10 14 
06 04 15 19 08 
17 12 07 05 16 
09 15 02 06 19 
05 02 03 11 07 
13 05 02 01 24 
04 07 04 09 02 
04 11 07 06 01 
03 05 13 02 11 
23 07 15 07 21 
04 06 13 08 11 
02 10 11 10 24 
18 08 12 21 02 
09 14 17 04 19 
19 08 15 05 23 
18 24 17 04 05 
11 15 04 01 01 
14 16 14 24 09 
14 12 13 05 02 
03 03 01 23 06 
04 21 05 14 19 
08 18 02 01 14 
03 02 14 12 02 
23 14 12 02 07 
12 08 10 23 08 
15 09 17 19 14 