60

06 02 12 11 01 
22 02 17 09 05 
08 09 05 10 04 
24 04 03 07 07 
04 01 21 15 08 
07 01 19 11 01 
12 20 22 01 08 
11 02 03 15 04 
05 14 04 22 02 
13 23 17 10 02 
16 02 14 05 16 
03 02 01 08 22 
16 10 11 12 07 
07 11 16 02 13 
02 10 21 05 03 
07 01 02 04 12 
04 08 15 10 19 
06 10 08 01 18 
07 10 01 07 09 
14 13 01 03 09 
13 07 15 01 21 
06 03 06 21 03 
02 10 06 05 04 
04 04 22 23 03 
02 01 06 13 23 
01 05 16 02 03 
01 13 15 08 04 
23 11 06 10 05 
10 08 24 08 12 
15 21 04 09 01 
24 05 02 11 13 
12 17 01 03 13 
14 17 12 06 01 
08 07 10 02 10 
22 05 12 04 16 
20 15 03 05 02 
16 09 22 05 20 
14 03 01 10 03 
11 02 15 04 04 
15 14 08 05 01 
04 24 15 06 13 
05 12 08 20 18 
02 03 09 18 20 
13 09 10 12 03 
12 07 17 15 14 
01 11 07 02 11 
01 23 14 06 19 
13 16 06 20 12 
14 07 19 09 05 
11 01 01 03 09 
10 03 02 08 05 
02 20 07 24 01 
13 01 23 07 04 
17 12 07 03 05 
03 17 01 08 21 
11 10 03 01 24 
01 15 10 04 21 
21 08 15 08 07 
10 23 07 03 01 
05 15 19 14 17 