60

05 13 15 09 08 
20 01 19 09 03 
23 01 11 03 14 
07 22 04 10 06 
08 04 09 12 09 
03 01 07 24 07 
02 10 08 12 24 
02 11 04 05 15 
24 02 04 17 08 
21 08 06 02 01 
09 07 16 01 07 
22 11 01 05 06 
13 16 03 06 05 
11 19 03 02 01 
12 08 09 12 07 
06 07 01 13 03 
03 22 01 06 07 
08 20 06 12 19 
12 06 03 13 19 
18 12 11 06 13 
14 01 16 03 07 
15 06 21 04 09 
02 22 19 02 06 
02 07 01 03 04 
18 03 10 02 14 
19 14 02 06 12 
19 06 01 13 03 
03 15 21 09 02 
14 15 03 03 07 
11 17 14 02 10 
04 15 23 08 03 
02 15 15 12 14 
12 04 16 05 01 
10 05 07 14 16 
01 20 08 09 05 
22 05 15 13 01 
01 03 05 10 07 
07 14 06 02 08 
10 05 08 04 01 
17 11 03 23 07 
20 06 22 02 06 
18 09 06 06 04 
08 09 10 20 17 
12 12 02 21 16 
12 01 03 13 06 
02 05 14 03 15 
12 14 03 05 13 
10 06 13 18 14 
02 11 07 16 09 
02 13 06 05 03 
08 19 21 09 05 
15 16 19 09 01 
05 22 20 01 10 
18 12 07 01 16 
18 01 01 02 12 
07 18 08 12 02 
23 05 02 15 12 
07 06 16 10 03 
03 02 08 19 12 
20 02 03 08 01 