60

04 06 15 02 12 
07 02 01 02 16 
23 05 01 11 10 
07 05 12 17 14 
01 12 03 14 02 
01 16 10 05 21 
01 02 11 03 13 
08 10 13 22 03 
14 09 04 01 16 
06 05 16 19 05 
07 01 06 11 14 
04 04 14 09 13 
21 11 06 18 03 
14 07 07 10 15 
06 18 12 08 19 
10 08 08 04 16 
04 08 01 01 12 
19 16 21 09 05 
06 15 14 13 06 
10 19 15 09 08 
21 06 23 11 08 
04 02 18 04 15 
03 02 02 08 03 
18 04 07 15 16 
09 17 01 10 03 
14 17 10 05 03 
09 14 08 08 16 
01 04 07 12 19 
13 23 11 15 06 
24 06 13 14 08 
16 22 02 19 04 
05 07 10 05 19 
17 07 04 15 07 
11 06 01 20 13 
09 05 16 24 18 
01 02 03 06 24 
08 22 09 05 05 
06 05 08 13 05 
03 01 02 17 07 
04 08 09 02 23 
04 12 06 18 07 
19 04 08 20 12 
13 06 06 10 16 
10 23 06 02 11 
05 15 01 01 03 
02 01 02 16 09 
01 13 04 05 12 
05 06 07 01 02 
08 15 02 22 09 
09 07 06 12 01 
13 19 01 07 03 
16 20 16 15 08 
01 12 04 07 21 
10 02 23 15 03 
03 05 04 14 04 
16 02 05 20 10 
09 08 19 05 14 
08 04 12 07 14 
18 02 14 01 03 
06 12 21 12 03 