60

07 09 04 10 12 
16 09 07 11 06 
04 06 06 12 23 
05 18 12 09 15 
08 24 08 04 01 
05 04 24 09 15 
04 15 03 04 05 
08 23 02 10 16 
24 01 06 13 07 
21 06 05 03 01 
14 08 06 01 07 
12 06 20 01 21 
15 07 01 04 24 
03 08 22 24 04 
02 15 01 05 04 
12 04 11 08 03 
10 07 02 17 06 
16 12 02 01 05 
06 18 02 05 21 
08 02 01 06 10 
07 09 01 16 22 
03 01 13 06 23 
04 07 08 06 23 
03 03 17 12 02 
23 24 01 14 13 
15 11 17 16 23 
09 04 05 04 19 
06 05 11 12 14 
18 12 13 02 17 
01 01 22 17 04 
07 08 10 22 01 
08 01 02 06 07 
02 08 03 01 10 
14 19 12 02 15 
04 17 15 06 16 
09 05 15 01 02 
04 04 01 10 15 
03 15 19 14 05 
21 03 01 15 20 
04 03 01 24 02 
17 02 14 12 08 
17 05 13 04 07 
24 06 17 14 03 
12 13 21 22 01 
16 04 20 14 01 
04 03 11 06 01 
10 18 04 03 06 
17 05 04 16 20 
14 19 12 22 13 
17 04 08 12 07 
07 04 01 02 24 
21 07 02 05 11 
15 04 06 08 02 
13 24 13 08 09 
03 23 24 06 09 
20 24 12 07 16 
06 21 04 09 16 
06 13 08 04 15 
16 10 23 04 07 
23 13 15 14 03 