60

10 07 17 04 07 
18 24 08 07 08 
18 02 13 07 05 
15 23 16 11 13 
16 07 18 13 23 
07 07 13 05 07 
02 07 16 18 21 
14 19 12 04 08 
06 13 13 16 20 
15 12 03 17 05 
24 04 04 10 12 
15 14 15 23 18 
08 22 12 14 11 
14 03 23 11 07 
24 17 05 02 18 
10 08 08 24 21 
01 21 16 03 15 
10 06 06 06 17 
14 01 04 08 01 
21 01 06 10 04 
07 17 13 14 10 
23 04 15 17 16 
06 10 21 18 04 
06 02 04 10 03 
11 06 23 05 04 
08 24 18 02 05 
12 07 09 08 05 
07 18 02 12 05 
06 13 04 06 06 
08 07 15 05 01 
11 20 03 04 11 
06 14 17 01 13 
24 09 09 04 10 
05 10 19 20 21 
04 20 15 16 04 
02 17 04 09 06 
02 08 06 13 04 
09 08 14 04 13 
09 06 02 04 03 
12 19 22 01 16 
15 08 16 01 06 
19 13 07 05 13 
23 01 02 11 09 
05 14 23 02 03 
10 15 18 24 08 
02 15 24 08 09 
06 24 16 15 07 
08 08 03 04 09 
05 24 05 06 15 
07 18 02 15 14 
22 15 16 19 24 
01 18 06 10 07 
04 01 15 13 02 
08 06 12 01 05 
10 06 12 12 06 
14 07 19 05 06 
07 19 03 08 23 
10 05 01 02 07 
12 07 16 11 07 
11 09 08 01 23 