60

06 05 10 14 08 
10 07 22 01 05 
08 14 24 02 16 
05 06 07 04 20 
04 12 23 06 10 
02 16 13 07 08 
11 06 14 13 10 
01 20 22 04 07 
21 17 03 06 10 
01 09 24 11 04 
05 15 08 20 12 
20 03 05 01 08 
10 23 08 21 06 
04 02 16 06 07 
05 17 21 09 05 
03 19 15 05 03 
11 11 20 02 08 
11 09 10 08 16 
13 12 01 05 09 
04 12 07 11 17 
05 16 02 06 13 
07 01 13 23 13 
06 08 05 10 12 
12 01 13 16 05 
07 14 12 06 22 
17 19 06 01 06 
20 08 14 13 18 
03 14 04 07 17 
05 02 05 08 09 
04 21 23 04 07 
03 03 02 13 07 
15 17 07 02 11 
06 22 05 10 15 
07 16 11 11 07 
03 21 07 20 22 
10 24 02 06 04 
21 02 05 03 05 
09 06 05 11 03 
08 14 05 16 09 
11 22 06 13 02 
20 12 11 15 07 
10 23 12 13 22 
22 18 01 20 24 
11 01 02 19 16 
19 02 03 03 18 
18 09 15 17 08 
12 14 14 08 19 
04 03 04 17 02 
05 19 03 16 08 
08 11 18 22 02 
01 11 01 06 07 
19 08 11 06 03 
22 07 04 16 01 
07 06 05 11 19 
13 11 01 03 20 
09 10 06 02 07 
07 08 23 16 07 
03 01 02 10 12 
05 24 12 07 14 
21 01 08 11 17 