60

03 16 13 24 12 
08 02 11 13 22 
19 09 07 13 03 
05 20 06 01 15 
17 09 14 06 16 
19 03 18 24 23 
12 02 05 13 14 
19 13 17 12 15 
11 23 21 13 08 
06 07 03 17 04 
09 10 11 13 06 
05 01 03 22 06 
06 19 14 12 24 
17 05 01 18 12 
20 11 08 01 08 
08 05 15 24 09 
04 11 02 01 21 
22 07 03 19 14 
07 03 11 06 21 
12 07 12 03 06 
10 08 01 24 01 
08 21 11 12 09 
08 06 19 12 23 
03 01 14 12 02 
23 15 24 22 10 
01 04 09 06 15 
06 20 09 14 06 
01 22 18 15 03 
21 05 06 15 01 
08 10 08 02 15 
02 11 20 11 10 
03 10 06 07 05 
06 12 15 05 03 
17 16 08 03 06 
05 23 09 04 22 
13 03 13 14 15 
18 07 13 02 10 
23 12 22 03 15 
08 17 14 01 13 
09 01 08 07 16 
13 12 06 19 08 
07 09 04 12 02 
15 12 08 13 10 
21 05 04 14 07 
03 24 02 06 16 
10 01 21 18 02 
05 04 08 08 22 
13 08 12 01 22 
09 09 05 10 05 
01 24 07 16 15 
20 22 21 05 11 
02 05 04 06 03 
09 15 05 02 05 
01 08 06 02 08 
13 01 21 11 01 
05 02 04 06 01 
05 02 06 17 14 
08 02 01 05 10 
07 16 11 15 06 
10 11 12 07 06 