60

13 04 03 14 17 
12 07 19 10 21 
21 08 13 03 03 
09 08 24 21 01 
06 23 15 04 19 
15 13 04 08 20 
17 10 07 07 11 
05 04 02 06 08 
04 06 08 10 09 
13 14 09 08 21 
11 04 13 06 08 
23 11 20 14 13 
02 08 13 12 01 
22 13 04 05 04 
02 08 15 02 09 
02 05 02 16 05 
02 09 10 17 05 
12 13 17 07 05 
02 13 08 23 04 
20 01 05 14 03 
23 06 06 09 02 
18 04 15 13 02 
11 02 02 07 12 
06 11 05 08 02 
13 01 08 02 13 
08 04 03 24 14 
13 07 11 18 12 
13 06 01 05 05 
04 12 01 11 15 
21 02 04 24 16 
10 18 03 14 16 
03 11 15 10 08 
12 20 02 18 06 
17 05 03 09 06 
12 15 05 04 06 
22 21 06 13 02 
19 05 12 01 22 
04 07 11 09 08 
15 08 04 13 02 
18 15 04 01 03 
20 06 10 12 08 
05 05 13 08 21 
08 04 14 20 12 
01 05 02 02 01 
01 05 02 02 01 
01 05 02 02 01 
08 05 
05 04 05 22 02 
07 15 08 08 21 
01 05 04 10 13 
10 04 07 03 03 
06 01 22 03 04 
07 19 13 02 16 
03 13 12 06 06 
01 02 06 02 13 
16 22 11 15 06 
11 06 02 06 15 
11 06 02 22 05 
07 16 01 04 03 
11 03 01 03 04 