60

03 13 09 09 20 
14 02 05 14 18 
08 15 09 21 07 
12 06 17 05 08 
13 07 14 05 05 
09 03 11 20 08 
04 04 06 07 19 
09 08 20 12 06 
16 18 05 22 01 
02 16 23 17 01 
19 08 12 14 20 
09 07 17 03 01 
10 06 08 20 08 
12 04 04 03 14 
15 04 02 08 16 
08 09 12 23 16 
20 13 09 07 12 
14 14 13 21 20 
03 01 10 03 10 
15 12 04 13 01 
21 06 08 23 02 
10 16 09 24 05 
16 19 12 06 03 
03 24 09 22 08 
04 17 06 19 02 
05 15 22 04 08 
19 16 05 07 08 
09 06 09 15 12 
08 09 16 08 10 
03 13 09 10 01 
09 24 13 01 01 
20 14 07 01 13 
06 04 10 01 10 
12 04 22 16 02 
03 20 04 10 22 
11 23 07 04 01 
06 12 12 11 02 
03 10 14 04 08 
24 08 11 10 21 
12 04 19 03 15 
03 13 11 12 18 
14 07 12 04 19 
03 04 06 14 02 
24 12 12 15 19 
05 24 02 19 16 
03 06 13 02 10 
16 22 12 07 12 
17 14 11 03 10 
15 01 07 06 05 
06 03 16 03 03 
06 01 21 02 06 
20 22 10 01 15 
20 01 12 04 16 
15 24 01 19 14 
09 21 10 05 20 
02 11 03 04 19 
07 05 15 06 01 
16 10 12 13 03 
24 08 06 13 19 
05 02 12 06 13 