60

17 04 06 12 07 
13 11 04 07 12 
01 08 24 16 07 
04 08 09 19 13 
13 09 08 07 03 
03 19 08 01 09 
10 04 11 18 08 
02 02 01 19 15 
07 05 16 20 17 
17 01 03 07 21 
14 07 16 08 10 
06 24 02 06 12 
06 21 11 16 02 
08 04 01 07 03 
16 03 22 06 03 
08 01 08 23 14 
23 21 08 17 13 
06 06 18 08 04 
07 16 20 21 06 
22 20 05 12 04 
02 02 04 18 08 
12 17 24 08 07 
01 22 07 12 02 
02 21 08 08 06 
06 05 19 05 01 
05 05 03 14 16 
12 14 13 19 02 
09 02 20 22 16 
14 09 08 08 11 
13 02 11 01 13 
13 02 07 17 03 
05 03 15 06 21 
17 16 18 13 15 
11 14 07 06 13 
11 05 21 15 08 
03 02 21 16 07 
11 10 24 06 16 
13 06 05 15 10 
01 10 04 06 07 
09 04 03 07 14 
13 21 22 11 20 
05 07 07 21 05 
23 05 01 22 20 
04 10 08 16 02 
08 09 01 11 21 
05 12 10 08 14 
02 16 05 13 19 
11 04 23 03 12 
03 11 21 12 07 
08 15 06 20 02 
07 22 06 12 04 
11 05 11 10 08 
14 07 20 09 11 
14 07 05 12 08 
18 01 04 16 02 
03 09 14 12 10 
15 02 04 04 01 
03 14 10 22 06 
10 10 03 07 07 
20 01 08 09 03 