60

02 09 15 10 15 
15 16 05 17 02 
13 03 01 14 03 
04 08 09 19 23 
01 11 04 07 16 
22 13 21 02 17 
21 03 11 13 04 
14 06 03 04 22 
10 06 15 06 14 
05 01 18 05 10 
02 01 12 02 04 
07 16 22 23 20 
09 13 08 18 10 
06 10 04 02 02 
05 10 22 01 18 
05 10 02 06 11 
12 04 03 03 04 
02 05 03 13 23 
02 12 07 13 05 
24 03 12 04 23 
04 03 04 01 17 
02 18 08 04 06 
15 07 24 03 04 
04 13 09 16 24 
08 02 05 05 13 
07 05 04 24 22 
12 13 11 01 10 
08 19 02 02 20 
11 04 09 06 05 
04 05 07 07 13 
01 07 14 03 03 
05 07 12 09 11 
23 02 22 08 13 
13 02 09 21 10 
01 10 24 04 06 
01 06 04 01 08 
07 08 10 05 12 
05 03 23 19 10 
06 10 03 07 15 
09 12 21 16 06 
05 18 08 20 07 
07 21 06 01 15 
10 07 05 17 19 
13 08 07 08 02 
12 02 17 14 11 
16 18 06 04 04 
14 08 08 09 05 
18 04 11 20 01 
11 16 01 05 10 
06 02 01 19 13 
02 06 07 08 15 
23 13 20 11 02 
12 06 01 03 05 
17 01 03 09 13 
23 15 03 19 01 
23 22 16 05 20 
14 05 24 08 12 
05 02 24 04 01 
06 11 14 10 10 
17 12 05 23 02 