60

19 06 03 08 08 
23 06 08 15 06 
03 24 05 06 05 
08 13 04 12 21 
22 05 08 16 15 
04 21 03 11 05 
16 02 
12 10 
11 21 02 08 
11 21 02 08 24 



02 04 
10 05 15 05 
23 15 03 07 01 
05 02 05 01 07 
07 23 12 06 10 
05 23 07 16 05 
11 03 07 09 03 
22 24 20 07 14 
10 15 07 24 12 
09 04 19 21 05 
22 06 11 17 16 
10 21 10 20 06 
15 04 05 07 21 
13 10 23 02 08 
15 06 01 17 07 
08 06 12 16 15 
09 06 15 03 07 
08 07 11 12 19 
08 07 07 03 19 
06 04 02 18 14 
03 06 02 07 09 
16 05 11 06 21 
13 01 06 13 23 
13 03 09 03 02 
12 20 10 02 06 
11 07 03 17 06 
01 13 24 09 06 
07 20 15 01 01 
04 20 07 07 11 
01 09 07 08 16 

08 20 
02 10 01 11 07 
06 12 04 01 02 
06 12 04 01 02 
06 12 04 01 02 
06 12 04 01 02 
11 01 15 06 14 
06 08 24 05 20 
16 23 03 08 24 
09 05 15 01 11 
04 02 16 04 09 
03 14 05 09 07 
04 05 21 06 19 
04 04 02 06 22 
11 04 10 13 06 
23 06 01 16 07 