60

05 01 07 21 15 
11 19 08 12 09 
11 15 03 10 24 
06 07 03 09 23 
16 02 24 12 15 
13 09 04 01 09 
02 19 03 15 15 
09 06 13 03 11 
10 03 05 17 18 
11 01 18 03 09 
05 06 02 04 01 
07 03 19 07 10 
05 06 07 11 01 
12 22 07 06 05 
10 06 19 04 03 
01 12 01 05 20 
01 19 03 11 02 
08 07 06 10 07 
10 24 03 18 12 
16 20 22 02 12 
11 07 09 22 12 
13 02 11 10 23 
06 12 13 16 04 
16 17 10 09 02 
19 21 07 12 07 
10 10 02 19 03 
18 06 05 11 04 
24 18 12 08 10 
03 05 01 15 12 
09 24 23 15 11 
07 21 07 12 08 
06 08 02 02 19 
13 14 07 11 22 
21 01 05 08 12 
02 13 10 05 06 
01 09 04 06 13 
01 08 11 05 08 
10 22 02 06 04 
08 04 14 04 04 
24 03 08 08 10 
12 10 04 11 07 
05 05 08 08 07 
02 04 16 19 21 
03 21 12 16 05 
24 15 09 05 03 
14 02 02 22 11 
14 11 07 20 03 
16 08 02 14 12 
10 17 20 08 08 
08 21 19 15 01 
13 11 01 05 07 
04 10 22 12 01 
01 11 11 03 07 
11 20 05 10 03 
08 02 13 20 12 
20 16 03 05 17 
10 06 01 23 08 
02 06 24 03 14 
01 16 10 02 19 
03 20 10 08 13 