60

16 02 17 15 04 
05 08 08 14 01 
06 09 10 17 05 
21 22 11 01 02 
14 03 04 10 05 
05 15 01 13 21 
20 08 16 05 03 
21 16 03 13 17 
06 10 01 08 02 
20 14 02 07 08 
18 24 06 13 14 
09 12 12 02 22 
18 04 12 08 14 
15 03 04 12 06 
23 18 15 19 10 
08 02 07 20 13 
05 08 04 24 15 
07 12 15 01 13 
04 12 21 23 02 
11 02 07 05 04 
15 22 04 03 07 
05 04 17 03 03 
01 18 11 04 05 
15 13 01 11 12 
02 23 14 03 14 
11 09 01 06 21 
16 05 03 18 02 
20 07 01 14 23 
14 10 13 05 22 
05 12 18 04 21 
12 19 08 10 15 
03 05 09 14 01 
04 18 01 06 03 
02 04 13 17 09 
04 13 12 08 07 
04 03 06 05 16 
09 14 10 01 06 
08 01 13 06 12 
04 20 04 06 12 
05 14 01 11 22 
22 08 06 06 07 
01 06 02 09 22 
14 12 02 05 01 
14 01 12 05 14 
08 06 16 07 16 
08 15 06 02 03 
01 16 04 02 07 

01 17 
10 21 23 05 13 
10 21 23 05 13 
10 21 23 05 13 
10 21 23 05 13 
10 21 23 05 13 
05 13 12 02 06 
11 09 08 13 22 
11 23 12 15 14 
11 23 12 15 14 
11 23 12 15 14 
08 02 08 03 04 