60

01 07 14 09 12 
02 24 10 

22 08 20 12 13 
01 12 21 



09 
15 02 11 
15 04 01 16 08 
01 11 02 01 20 
04 10 13 07 03 
10 24 
02 16 04 16 02 
07 08 09 22 03 
10 02 22 13 07 
11 02 04 05 15 
09 12 21 17 22 
11 07 02 01 07 
10 14 11 07 15 
09 02 12 23 05 
08 06 06 09 04 
06 12 07 11 08 
07 06 04 06 04 
22 13 03 19 04 
01 16 04 01 06 
01 06 07 19 13 
07 02 13 07 16 
16 10 07 14 02 
09 05 12 07 05 
16 23 13 05 15 
07 08 20 17 03 
02 08 14 11 09 
05 02 08 19 10 
02 13 08 01 23 
20 02 03 04 03 
06 16 04 10 24 
07 05 15 04 06 
09 13 11 10 23 
03 15 09 18 16 
07 05 14 17 21 
22 20 03 03 08 
08 04 13 10 19 
03 17 12 20 02 
06 11 09 12 03 
06 11 09 12 03 


10 
12 06 02 19 
02 12 11 22 05 
12 13 06 02 07 
15 16 19 23 05 
05 14 06 01 05 
05 07 24 12 03 
13 16 18 08 
09 14 01 19 22 
13 07 22 21 06 
06 14 05 15 11 