60

08 04 02 18 13 
04 05 18 03 06 
06 13 06 09 04 
12 03 16 09 20 
09 02 06 01 17 
19 21 08 01 16 
02 03 12 03 10 
07 24 12 16 07 
10 03 17 12 04 
10 03 17 12 04 



10 02 
14 07 
07 03 06 07 10 
05 13 04 04 16 
09 14 02 07 05 
04 03 10 23 22 
11 04 05 01 11 
06 04 17 12 03 
16 09 12 15 07 
08 06 10 12 16 
03 19 06 06 16 
12 14 15 07 09 
02 11 06 15 07 
17 04 21 24 15 
24 15 05 03 05 
10 13 01 14 20 
22 14 07 11 05 
16 12 03 05 07 
01 22 02 08 09 
08 03 08 18 12 
03 15 08 22 15 
18 12 10 07 16 
07 10 08 13 17 
08 23 07 16 01 
08 01 15 11 01 
13 17 02 22 21 
19 23 04 06 06 
11 05 16 13 13 
04 10 03 11 21 
07 03 16 06 04 
06 02 23 18 09 
06 05 06 13 09 
18 03 16 14 13 
09 03 19 02 04 
03 10 09 06 11 
06 13 19 04 15 
16 21 02 06 01 
07 01 03 14 04 
08 05 16 01 14 
15 
17 12 02 
01 03 12 04 07 
20 07 08 13 16 
07 02 09 18 14 
07 04 07 06 02 
06 15 20 07 10 
05 14 06 11 18 