60

05 06 08 10 07 
05 06 04 23 13 
23 06 24 06 09 
01 22 02 16 06 
07 14 09 04 02 
08 08 24 23 05 
13 04 03 10 03 
04 05 01 09 08 
22 07 06 01 03 
13 03 16 18 03 
10 11 02 24 15 
02 16 14 07 15 
04 01 10 01 07 
23 07 16 16 17 
04 02 08 09 02 
16 07 03 24 01 
15 12 02 23 09 
06 11 03 04 12 
02 24 01 10 09 
07 07 05 14 10 
05 15 10 07 16 
06 01 14 12 04 
12 16 05 02 01 
08 11 05 05 04 
07 04 02 19 01 
19 10 14 18 12 
13 04 19 20 14 
06 18 24 08 02 
23 05 13 06 03 
15 07 05 08 19 
02 03 16 03 07 
12 19 01 09 03 
20 15 24 12 01 
07 03 04 21 08 
06 03 16 18 17 
10 20 01 21 08 
13 03 10 01 07 
05 05 02 07 03 
07 13 17 22 03 
01 12 04 05 19 
05 11 10 09 02 
10 06 17 01 15 
05 03 14 02 03 
13 14 23 03 03 
09 14 01 05 06 
04 11 16 12 24 
12 02 18 03 01 
06 12 15 23 04 
05 12 13 14 06 
06 05 08 09 18 
03 10 05 07 04 
02 05 14 14 06 
08 20 05 23 15 
13 13 18 07 02 
17 02 08 05 24 
02 01 11 02 07 
05 22 08 08 09 
16 05 21 08 13 
02 09 11 01 16 
07 06 14 12 06 