60

12 04 10 18 15 
16 02 03 15 07 
16 10 06 22 01 
11 10 03 13 01 
15 07 19 09 05 
17 05 09 12 07 
01 03 08 10 01 
04 08 02 06 14 
04 23 09 02 04 
08 11 11 01 06 
24 14 03 07 05 
16 01 14 02 21 
03 14 06 08 19 
03 14 13 10 22 
01 06 01 16 04 

01 
02 15 08 01 
04 02 14 15 20 
07 03 04 02 07 
11 13 15 16 10 
01 24 03 06 21 
11 01 09 09 01 
13 06 08 02 07 
14 02 14 20 13 
11 20 08 11 07 
12 12 07 13 04 
20 21 05 05 07 
22 07 24 08 10 
01 03 03 10 05 
15 11 17 20 03 
22 07 16 02 03 
07 18 10 22 01 
01 23 08 19 11 
03 02 07 08 11 
03 19 17 16 01 
21 06 05 03 06 
11 04 03 09 08 
04 16 09 21 15 
21 10 23 14 01 
14 03 08 11 16 
10 15 14 15 08 
03 01 09 03 23 
09 17 08 02 01 
13 12 13 18 23 
14 06 04 01 23 
02 08 15 14 10 
16 06 10 10 07 
18 08 09 12 06 
04 16 14 03 09 
14 08 08 14 04 
11 03 15 15 22 
21 02 06 08 19 
02 20 03 01 01 
07 08 14 01 15 
02 14 12 07 03 
07 08 14 09 03 
03 02 07 06 05 
05 11 03 10 13 
21 06 15 18 07 