60

02 14 05 06 03 
05 16 04 23 02 
06 13 17 10 11 
09 18 05 23 13 
05 13 04 06 03 
04 16 02 03 17 
01 03 15 01 19 
04 05 03 11 08 
18 06 05 05 08 
12 23 04 05 19 
14 23 05 04 06 
19 04 17 06 16 
07 04 10 14 07 
02 17 02 07 14 
17 04 02 13 01 
09 15 16 11 14 
06 18 16 17 09 
04 08 08 16 10 
23 02 19 16 10 
15 01 04 03 11 
13 18 05 01 11 
12 05 22 09 05 
16 04 06 06 10 
05 09 11 11 12 
07 02 05 16 
06 18 21 14 15 
18 23 21 01 04 
23 16 02 13 05 
09 23 16 02 03 
08 17 03 03 21 
13 24 05 09 15 
06 08 02 05 08 
15 05 01 13 08 
05 09 01 12 08 
16 10 01 07 11 
08 07 02 14 04 
11 23 06 19 09 
03 16 21 12 05 
06 05 09 16 23 
18 16 01 01 03 
01 24 08 17 06 
24 05 02 23 04 
06 16 02 10 07 
22 09 24 08 08 
15 04 12 08 11 
10 11 22 06 14 
05 06 23 17 07 
10 16 08 12 17 
07 13 08 14 04 
01 08 08 07 23 
06 06 16 04 02 
02 14 03 13 09 
01 08 13 03 02 
09 24 04 03 08 
06 04 03 04 02 
09 19 13 22 01 
16 13 10 03 15 
18 23 11 17 04 
01 21 05 04 12 
09 13 16 22 06 