60

01 01 12 16 04 
11 03 13 05 01 
01 14 05 09 10 
09 03 24 21 14 
14 04 11 15 07 
09 14 01 10 06 
01 02 10 08 06 
16 13 02 23 17 
12 09 24 15 03 
09 15 01 03 16 
07 14 04 05 16 
23 08 04 10 14 
19 17 24 20 21 
13 08 01 03 05 
08 09 07 16 04 
01 02 02 10 05 
07 08 09 05 12 
02 16 15 13 20 
24 06 16 14 15 
02 09 06 05 23 
02 15 06 08 01 
10 20 07 10 16 
16 03 23 02 02 
07 08 05 16 02 
03 15 01 06 04 
15 18 06 17 09 
04 03 06 15 16 
08 24 17 03 06 
20 06 08 19 01 
03 14 05 12 01 
01 02 07 18 08 
13 08 01 16 21 
16 07 07 12 05 
06 14 05 17 10 
03 05 16 14 08 
24 16 04 09 05 
10 09 01 15 02 
14 24 20 04 01 
13 14 09 24 07 
24 12 13 10 03 
22 03 05 12 09 
11 01 03 12 11 
06 07 23 11 04 
14 05 14 07 19 
11 17 03 07 01 
07 01 13 01 10 
16 10 06 15 05 
09 03 16 22 20 
20 05 03 23 15 
07 01 03 09 14 
16 23 05 07 01 
13 08 08 06 11 
07 16 01 11 02 
05 02 01 12 07 
01 05 13 23 11 
06 01 04 01 23 
07 12 07 20 05 
16 14 01 03 04 
13 02 03 21 18 
15 17 16 23 05 