60

01 04 16 03 13 
06 22 23 09 20 
23 08 17 20 02 
05 11 12 02 08 
07 08 04 01 15 
08 07 01 21 19 
04 05 06 23 17 
02 16 10 05 13 
02 04 11 22 06 
04 01 13 22 18 
08 20 19 12 08 
23 06 11 06 09 
12 10 02 06 01 
19 07 17 21 03 
11 04 23 02 01 
11 17 04 12 09 
08 12 19 02 15 
03 02 01 15 18 
11 04 03 03 06 
03 02 14 08 15 
14 09 24 18 05 
11 04 21 03 07 
02 12 01 07 21 
02 24 17 22 08 
18 19 11 04 16 
08 13 08 11 16 
08 03 02 10 14 
18 09 03 01 15 
02 19 05 14 11 
03 06 17 10 06 
07 15 11 06 01 
06 07 08 13 07 
04 05 03 01 09 
11 20 23 13 03 
17 05 14 14 23 
08 04 18 01 05 
06 14 01 03 09 
12 08 14 10 16 
09 08 06 10 16 
02 01 12 09 06 
15 12 02 12 16 
06 07 08 01 24 
13 04 17 11 08 
11 02 10 21 19 
04 14 08 09 16 
18 02 01 14 16 
05 24 04 02 20 
05 14 04 18 14 
16 04 08 22 06 
12 20 09 07 04 
10 24 01 03 07 
19 24 06 07 04 
03 20 06 14 03 
18 11 05 10 23 
09 07 03 21 16 
05 01 12 18 15 
08 07 17 15 04 
08 02 08 05 22 
09 04 10 16 06 
05 08 04 12 07 