60

13 14 04 12 19 
12 17 06 01 05 
10 22 07 03 11 
08 13 24 16 02 
17 12 04 04 18 
21 02 16 05 07 
07 05 17 03 14 
04 07 09 24 05 
04 07 21 24 06 
08 03 22 03 02 
23 02 02 12 02 
10 23 06 15 18 
23 05 11 02 19 
06 19 08 16 18 
06 04 13 14 10 
11 06 09 05 08 
06 01 04 02 19 
22 21 19 17 11 
08 01 18 02 06 
13 23 04 15 01 

24 04 07 
23 02 01 24 06 
09 24 05 13 06 
16 19 02 12 13 
20 15 02 02 07 
06 20 03 03 14 
06 04 15 10 22 
06 03 22 05 04 
07 04 08 01 05 
04 15 05 16 17 
10 03 08 18 23 
11 10 08 24 14 
02 12 01 11 18 
09 13 07 22 01 
03 05 12 20 04 
02 23 16 02 05 
05 01 21 15 02 
09 20 22 23 21 
09 05 23 12 18 
06 02 08 13 03 
05 01 08 03 13 
13 08 08 18 21 
09 05 01 11 13 
08 14 02 03 16 
05 09 03 07 01 
05 02 03 05 18 
14 07 12 15 21 
05 13 07 10 15 
01 22 09 06 15 
02 01 01 15 02 
18 20 07 11 05 
03 16 01 02 03 
20 05 18 24 11 
05 01 08 01 14 
16 03 06 08 16 
13 09 03 12 08 
05 06 16 12 23 
03 02 24 07 10 
04 06 12 03 08 