60

15 21 11 17 07 
05 08 03 13 16 
08 02 10 07 23 
05 11 11 15 06 
10 20 16 06 06 
14 02 12 18 03 
13 02 18 05 16 
06 14 07 15 07 
15 05 21 02 09 
04 04 12 10 12 
10 03 20 13 23 
14 08 04 22 15 
21 06 13 04 10 
09 04 08 06 03 
05 06 03 16 21 
03 19 22 14 17 
04 09 01 08 07 
05 12 03 07 02 
20 08 07 21 11 
20 04 04 06 05 
15 12 16 03 14 
16 06 18 19 14 
04 07 03 01 15 
06 02 24 03 10 
07 10 11 07 03 
05 16 02 21 13 
05 16 06 01 05 
21 06 02 14 03 
21 01 08 13 01 
01 03 09 05 22 
16 05 09 04 04 
23 01 04 10 10 
01 15 11 08 07 
01 08 02 13 04 
13 06 02 06 15 
07 13 03 22 23 
07 21 06 02 04 
04 07 22 01 13 
07 09 15 05 13 
14 08 01 21 18 
11 01 11 07 01 
13 01 04 08 21 
03 06 06 06 
07 09 10 07 21 
04 16 02 14 03 
06 01 09 18 02 
08 02 22 23 07 
13 04 06 24 04 
14 05 07 01 11 
16 02 06 13 06 
16 02 06 13 06 
06 17 07 06 09 
16 01 14 02 12 
05 21 16 04 23 
13 16 22 07 07 
07 09 01 09 12 
23 09 01 12 16 
13 01 01 02 03 
03 10 08 05 12 
15 19 18 08 06 