60

05 02 19 06 01 
02 20 08 01 23 
18 04 16 04 02 
15 05 11 22 07 
24 07 01 13 17 
02 08 18 10 03 
05 02 01 15 14 
05 16 02 04 01 
03 02 15 24 11 
12 24 05 11 01 
01 04 09 14 16 
09 15 08 04 19 
15 08 24 11 08 
02 06 11 17 04 
05 08 04 06 20 
04 04 05 12 03 
02 03 16 12 21 
19 20 16 15 13 
02 03 18 01 10 
10 02 12 05 04 
05 03 08 12 14 
02 09 06 12 13 
06 03 06 03 11 
11 03 16 04 12 
13 03 06 13 06 
14 16 03 10 06 
08 09 04 07 19 
20 03 03 07 02 
14 03 13 07 02 
13 15 06 10 10 
15 08 19 03 06 
19 05 08 05 20 
20 21 15 07 16 
13 09 06 08 12 
02 21 12 01 14 
08 01 15 03 05 
09 11 07 16 01 
06 05 03 19 13 
21 04 14 24 08 
14 03 06 16 12 
07 10 06 08 08 
09 17 13 19 06 
02 04 03 04 20 
03 23 10 20 02 
06 03 08 07 05 
17 22 05 11 16 
03 21 04 23 10 
13 08 14 16 13 
03 
16 07 22 
19 05 16 07 12 
09 13 10 04 12 
22 16 09 13 04 
14 02 17 06 04 
09 04 11 08 01 
11 04 19 22 06 
05 04 07 16 10 
01 13 16 03 12 
08 24 16 13 14 
08 24 16 13 14 