60

12 24 07 02 18 
12 02 01 24 14 
13 01 10 12 10 
13 01 08 04 23 
02 03 09 11 04 
01 07 16 09 08 
14 12 16 20 03 
06 20 02 07 03 
02 08 13 02 07 
03 07 04 08 15 
14 01 06 05 22 
13 20 10 08 04 
16 18 04 17 02 
14 12 13 17 03 
02 19 05 11 01 
05 08 06 10 04 
15 15 16 01 10 
21 04 01 01 24 
07 11 05 22 04 
12 07 11 03 19 
21 20 06 12 01 
12 04 10 04 06 
11 15 09 13 06 
14 16 10 01 06 
09 10 09 06 08 
13 07 02 17 23 
02 18 22 24 11 
10 08 22 05 11 
04 08 12 10 14 
15 02 04 12 12 
21 16 11 06 14 
06 02 11 06 15 
01 06 09 08 14 

06 15 
12 11 18 05 16 
02 11 11 15 12 
04 09 07 05 01 
12 06 04 02 01 
13 01 07 22 16 
21 08 04 13 09 
23 13 02 03 08 
08 22 11 14 07 
15 18 16 11 06 
17 02 10 12 07 
17 03 01 03 11 
08 08 20 08 11 
01 24 04 18 14 
10 12 13 07 04 
03 05 20 08 04 
11 09 04 12 13 
17 03 18 23 07 
04 13 04 01 08 
06 07 04 17 15 
12 02 14 05 12 
06 07 11 09 16 
22 15 01 07 12 
03 12 24 16 19 
11 17 23 05 06 
04 16 21 15 14 