60

04 12 06 17 10 
11 01 05 04 19 
10 16 19 24 02 
01 03 03 10 02 
06 05 11 01 24 
23 14 05 04 01 
15 15 06 10 02 
12 04 23 21 13 
04 07 15 05 21 
06 05 10 16 04 
15 06 14 03 09 
19 14 05 11 07 
08 15 03 05 06 
15 01 06 12 05 
07 11 07 08 23 
12 06 03 22 11 
04 24 11 12 05 
03 04 01 09 01 
10 01 08 02 05 
17 06 09 11 13 
05 12 03 20 04 
08 12 09 22 06 
18 17 20 05 15 
01 13 06 01 05 
17 03 06 08 15 
22 10 03 08 03 
23 08 08 07 01 
01 09 06 15 02 
16 13 11 15 23 
14 04 02 10 05 
04 16 04 05 09 
10 02 22 17 04 
04 04 08 07 04 
12 17 02 21 06 
16 13 02 05 08 
03 06 03 09 11 
04 03 24 12 10 
19 03 12 06 07 
03 21 15 08 07 
24 01 14 01 22 
24 01 04 03 03 
19 02 13 14 04 
19 07 17 04 02 
09 23 10 05 18 
08 15 02 14 11 
20 09 03 12 05 
01 01 12 04 20 
02 04 08 04 07 
11 13 16 01 02 
23 19 04 05 14 
07 04 14 06 10 
16 20 15 11 04 
02 02 06 13 06 
18 04 11 16 14 
09 11 22 23 03 
01 02 03 01 
07 10 05 11 20 
14 09 01 14 06 
09 22 16 12 13 
07 01 19 08 06 