60

03 01 05 14 12 
01 02 14 07 15 
09 08 08 20 06 
03 13 01 04 03 
17 15 14 01 05 
10 03 08 02 11 
01 12 02 02 14 
22 10 16 03 12 
10 12 01 18 14 
16 24 01 13 20 
04 01 13 11 09 
20 13 24 02 15 
14 18 16 03 15 
19 03 14 02 15 
18 07 04 
07 10 04 04 12 
05 07 01 06 11 
05 07 01 06 11 
05 20 06 16 07 


13 07 
10 24 02 06 03 
08 09 04 08 15 
01 08 13 12 03 
02 09 09 14 12 
15 04 06 
02 01 02 01 04 
06 12 05 19 17 
04 01 06 13 13 
14 01 09 03 13 
16 07 05 03 14 
02 08 01 08 22 
12 11 21 04 16 
05 09 04 05 04 
16 03 05 22 01 
09 13 03 20 08 
01 18 04 05 24 
01 16 15 09 13 
03 08 16 14 09 
05 03 01 08 23 
10 01 08 23 15 
12 07 02 15 05 
04 07 01 14 08 
01 18 15 13 15 

11 22 15 02 


02 
10 05 20 19 
15 24 02 05 09 
04 01 05 02 06 
08 06 01 12 14 

11 
10 21 07 13 
02 16 04 08 13 
04 07 12 16 01 
21 16 19 03 05 