60

15 21 05 12 13 
11 09 03 12 04 
06 01 07 24 23 
01 22 12 13 14 
02 04 17 16 06 
20 19 06 02 13 
02 02 07 03 23 
06 10 16 08 09 
01 21 03 02 01 
17 04 08 08 05 
01 07 23 13 03 
02 05 02 10 23 
01 23 14 02 02 
07 02 05 15 16 
18 01 11 13 16 
12 03 19 08 03 
03 02 12 24 03 
18 01 06 21 15 
02 13 15 05 16 
02 12 22 09 03 
02 21 09 19 06 
03 13 13 05 06 
06 03 09 07 20 
01 02 01 07 05 
09 02 14 18 04 
04 14 06 13 05 
22 02 09 14 09 
08 11 16 13 18 
04 16 14 03 07 
11 14 19 23 17 
16 12 06 14 23 
01 05 03 12 08 
05 24 15 16 02 
04 09 23 14 14 
06 05 08 07 08 
02 07 08 01 22 
07 08 10 03 16 
07 08 10 03 16 


11 24 
13 14 20 16 07 
12 17 12 14 13 
04 08 06 12 02 
08 01 07 09 03 
15 03 11 17 01 
06 03 13 06 02 
23 12 04 04 19 
08 13 09 07 09 
13 02 02 21 16 
06 07 03 05 01 
07 15 03 10 05 
10 06 15 09 06 
19 04 21 24 10 
04 01 09 13 02 
09 06 06 10 08 
21 06 04 09 14 
15 07 22 01 04 
08 05 05 05 14 
10 20 13 01 12 