60

04 07 02 06 03 
18 15 13 10 04 
23 17 02 11 13 
23 17 02 11 13 
23 17 02 11 13 
23 17 02 11 13 
10 10 04 05 11 
16 18 13 03 01 
06 10 24 05 16 
13 22 02 06 17 
09 08 08 16 10 
06 06 13 05 08 
06 04 08 19 20 
02 08 04 03 01 
03 23 08 19 01 
07 05 23 24 13 
14 14 10 11 21 
03 05 03 15 01 
06 24 02 21 01 
20 04 11 08 02 
06 16 19 12 20 
14 05 07 09 08 
14 10 19 08 12 
23 17 05 09 24 
05 08 18 15 21 
03 19 04 01 10 
03 14 08 23 17 
01 02 22 07 04 
01 07 03 01 18 
14 22 19 10 08 
10 17 05 11 04 
16 03 05 09 01 
02 20 23 04 02 
03 06 04 05 05 
11 17 03 10 05 
15 08 24 03 10 
09 14 12 23 05 
21 15 05 04 01 
02 07 11 23 04 
08 13 02 23 21 
07 13 19 16 17 
10 14 20 21 02 
04 20 14 10 18 
17 06 14 13 05 
14 15 08 04 14 
04 06 24 14 05 
12 16 06 23 10 
05 01 04 07 12 
22 02 05 08 08 
11 03 09 08 13 
04 01 23 14 07 
21 09 13 01 11 
10 19 02 03 06 
12 05 04 01 09 
18 04 13 10 
10 22 02 12 06 
21 15 11 16 07 
07 18 02 06 12 
18 06 23 14 07 
02 06 14 18 19 