60

22 06 23 10 12 
05 03 10 17 11 
12 10 05 15 06 
02 16 09 01 16 
03 06 07 06 05 
02 24 10 04 03 
03 13 02 05 10 
09 22 08 18 09 
12 22 08 05 07 
02 03 06 14 04 
08 05 14 21 11 
22 14 17 01 07 
03 20 03 03 21 
15 08 03 14 10 
02 07 13 04 01 
17 05 05 01 20 
01 16 18 05 04 
08 08 07 23 08 
24 14 03 06 15 
11 02 01 15 07 
08 02 02 15 07 
09 22 15 16 06 
05 10 04 07 06 
01 22 18 03 08 
07 16 01 07 06 
20 07 09 24 03 
02 20 12 11 04 
10 06 11 15 04 
06 12 11 04 23 
02 14 01 15 11 
08 06 06 01 01 
12 06 03 01 07 
02 03 16 09 13 
06 22 16 23 15 
14 06 08 02 16 
12 12 18 09 24 
18 07 02 19 11 
12 06 07 05 13 
18 24 11 05 13 
09 02 01 01 11 
17 08 05 10 02 
05 04 03 15 08 
02 11 06 03 14 
08 11 09 04 06 
03 23 16 15 22 
11 18 15 09 01 
10 08 14 19 17 
07 01 02 14 08 
02 02 06 10 12 
11 01 06 07 11 
08 14 10 13 09 
04 01 10 24 08 
08 04 11 05 10 
01 22 20 04 17 
12 22 02 05 24 
12 17 06 07 02 
01 15 09 01 04 
19 02 02 14 04 
20 19 06 12 12 
07 04 05 21 02 