60

08 17 16 05 08 
02 16 11 14 04 
06 05 08 23 22 
17 07 09 04 10 
14 15 07 23 12 
03 12 16 14 13 
05 02 15 08 10 
21 13 09 06 18 
22 10 08 17 09 
14 06 11 14 03 
04 09 06 11 03 
07 16 08 07 09 
01 15 12 08 07 
23 03 21 17 06 
07 07 17 18 12 
01 14 10 07 06 
04 10 16 23 05 
11 17 15 18 05 
04 02 04 01 15 
08 19 01 16 11 
07 19 13 12 04 
20 08 05 16 13 
04 08 19 22 07 
16 05 12 18 01 
01 07 16 06 05 
06 06 12 09 14 
12 16 07 02 22 
15 06 24 03 13 
17 03 21 01 11 
08 05 13 16 03 
06 06 07 05 01 
02 02 07 06 07 
08 03 07 10 11 
03 07 21 07 03 
23 03 05 16 10 
24 10 04 16 01 
19 13 05 14 08 
04 03 15 13 09 
19 01 06 02 02 
05 02 02 03 08 
07 16 01 01 01 
23 24 01 14 13 
18 03 10 04 03 
10 03 07 19 12 
07 04 20 13 02 
07 11 03 10 07 
07 22 12 18 04 
21 04 12 02 13 
19 02 16 05 03 
23 14 03 03 16 
22 18 09 21 06 
07 04 02 03 03 
19 12 09 08 02 
07 06 01 02 07 
05 15 21 02 01 
04 12 08 15 04 
13 16 15 02 10 
05 24 02 06 19 
22 01 07 01 19 
15 11 04 03 09 