60

09 02 14 06 23 
16 09 18 02 05 
04 01 14 03 02 
01 02 13 11 11 
08 04 05 18 17 
04 14 05 12 15 
09 07 23 04 15 
17 01 07 08 05 
01 08 12 21 11 
05 19 06 23 03 
10 01 18 11 17 
05 19 10 16 03 
20 09 06 07 11 
16 02 07 03 15 
09 01 11 09 03 
05 04 02 08 24 
08 03 16 08 09 
06 15 01 08 14 
23 10 08 05 15 
08 12 19 14 07 
13 15 03 17 02 
06 15 19 18 01 
13 13 05 04 14 
04 04 16 08 02 
07 11 05 14 08 
24 11 10 16 15 
05 06 15 04 06 
11 12 03 04 05 
12 10 07 01 04 
13 04 19 11 10 
03 12 22 18 08 
14 10 03 03 04 
24 03 12 06 15 
09 07 13 16 12 
15 01 08 05 18 
19 02 04 09 10 
15 12 08 01 03 
16 02 18 03 14 
09 01 05 16 09 
03 02 06 09 04 
17 02 11 02 21 
06 07 18 20 07 
14 07 03 04 02 
02 04 08 05 10 
21 06 17 12 24 
08 18 21 17 03 
08 24 23 18 09 
14 11 16 17 20 
03 01 06 10 13 
19 17 11 13 03 
07 18 08 01 10 
01 06 23 05 24 
12 10 02 07 04 
12 06 06 08 15 
01 02 21 20 05 
01 07 10 12 24 
10 13 07 04 08 
14 05 07 15 08 
08 02 05 03 04 
10 11 19 04 05 