60

13 07 21 07 05 
08 03 12 06 06 
12 07 10 22 21 
08 08 02 04 03 
04 15 12 02 11 
14 09 02 06 21 
15 01 07 10 12 
12 19 08 16 06 
11 23 13 02 06 
01 04 18 05 01 
15 07 24 06 03 
03 13 03 02 12 
14 22 01 23 16 
04 04 15 10 07 
05 15 07 03 16 
04 07 01 11 21 
09 18 13 20 11 
03 07 08 01 11 
11 13 12 02 18 
03 01 07 04 09 
18 11 02 03 20 
06 12 21 09 03 
02 05 11 13 14 
02 08 08 18 22 
10 18 06 15 16 
06 06 07 16 21 
15 06 08 06 17 
03 06 07 14 09 
01 18 06 11 03 
15 23 05 16 24 
20 15 11 01 13 
06 02 03 08 07 
16 06 22 03 08 
11 07 07 22 08 
13 18 07 20 16 
15 15 17 12 05 
02 01 16 05 05 
10 06 02 07 08 
06 15 01 07 08 
16 12 03 09 14 
20 04 06 03 08 
03 08 20 15 04 
09 10 16 01 02 
03 05 08 07 06 
06 06 23 03 05 
23 10 11 04 05 
05 09 14 11 21 
10 20 01 11 09 
08 12 14 22 07 
06 06 02 16 24 
16 21 12 15 02 
02 06 16 06 17 
03 10 08 04 19 
08 12 04 20 12 
23 03 03 11 20 
24 06 03 10 06 
05 11 02 10 11 
08 07 11 07 15 
03 08 01 13 23 
01 16 03 11 01 