60

08 17 15 18 13 
05 06 11 11 07 
15 16 06 08 01 
07 01 05 02 19 
07 05 05 18 10 
01 16 06 08 23 
01 10 03 06 08 
10 13 05 02 05 
04 13 07 03 22 
16 23 14 10 13 
04 15 15 19 03 
01 24 04 05 10 
05 01 04 02 07 
19 09 22 14 01 
05 11 18 07 04 
06 22 02 06 14 
12 09 08 15 18 
19 24 04 03 23 
01 11 06 15 04 
03 12 06 01 21 
23 01 24 05 07 
06 11 02 01 08 
10 01 08 15 13 
12 01 03 23 19 
07 01 02 16 03 
10 12 11 03 11 
11 02 03 01 03 
15 01 20 17 16 
13 09 17 06 04 
16 06 03 05 11 
16 08 09 04 12 
12 01 06 19 07 
02 08 04 20 02 
06 10 05 08 16 
20 17 23 13 07 
20 21 01 08 06 
04 10 01 21 19 
05 03 01 19 05 
09 22 14 01 15 
10 07 06 01 01 
15 08 01 05 20 
04 09 06 23 08 
08 07 09 21 16 
10 04 03 04 02 
07 08 06 01 05 
01 02 04 12 21 
18 22 04 14 08 
05 04 16 02 13 
02 03 14 12 06 
02 08 06 
14 06 12 22 06 
06 22 12 14 
10 03 15 13 11 
22 10 05 01 09 
13 24 05 04 09 
08 01 06 18 02 
09 08 23 04 08 
04 04 06 01 22 
11 09 16 13 12 
02 01 13 16 08 