60

11 12 05 13 02 
05 02 
03 03 06 01 
14 15 01 07 01 
15 07 09 10 22 
19 03 02 18 10 
05 02 05 19 11 
13 05 23 03 05 
15 18 07 13 10 
03 09 14 11 08 
19 09 14 16 23 
17 09 20 05 15 
09 06 22 08 04 
08 23 04 14 24 
07 16 11 04 02 
06 15 08 15 13 
11 09 04 08 10 
08 16 23 02 21 
05 15 01 04 19 
20 05 12 06 05 
10 06 14 22 18 
10 15 12 02 20 
05 14 04 07 03 
01 14 03 24 09 
11 12 04 21 04 
13 12 10 15 10 
09 10 15 04 12 
24 05 06 10 15 
03 22 10 12 04 
10 05 02 10 08 
02 07 15 10 02 
01 08 13 24 02 
05 04 14 07 06 
03 08 07 04 05 
05 07 14 01 02 
18 06 12 07 02 
11 08 05 07 09 
01 11 09 17 05 
24 08 04 15 12 
04 18 17 01 02 
14 01 09 15 11 
01 10 02 14 06 
03 02 06 13 07 
14 03 19 10 05 
05 06 12 22 12 
06 08 07 02 11 
08 04 09 02 08 
19 13 15 04 08 
05 14 02 22 11 
05 09 14 08 12 
13 01 07 22 07 
01 15 02 05 03 
01 08 15 06 12 
22 03 12 02 19 
08 16 02 02 23 
16 10 07 23 03 
11 10 05 09 01 
11 14 13 15 24 
12 10 17 16 08 
13 02 08 15 06 