60

04 04 13 14 06 
12 05 10 20 24 
01 24 09 02 17 
16 04 11 02 24 
03 15 12 23 03 
06 12 02 03 17 
10 04 16 22 12 
07 10 23 13 18 
01 21 02 02 08 
08 12 02 15 16 
11 08 04 17 04 
14 05 08 24 06 
02 18 09 16 03 
04 23 07 20 10 
11 08 06 14 03 
07 22 01 07 08 
06 04 21 07 05 
21 13 10 02 01 
16 16 02 01 08 
04 05 16 12 01 
07 17 14 08 16 
12 13 06 12 11 
10 13 15 04 08 
02 04 03 08 08 
04 13 02 12 08 
03 05 11 11 19 
08 09 04 07 02 
21 08 15 06 14 
04 13 21 11 02 
06 15 14 20 22 
18 07 07 16 06 
05 02 20 14 21 
15 09 02 08 15 
07 10 16 13 04 
03 05 08 03 21 
11 19 13 05 07 
13 05 11 03 07 
21 03 07 12 15 
24 05 18 10 07 
19 11 17 24 13 
18 21 07 01 11 
22 04 01 04 04 
03 12 14 03 06 
01 02 07 06 14 
01 15 17 20 13 
07 14 10 03 05 
11 16 09 07 14 
13 12 15 15 06 
15 06 07 08 11 
13 09 10 16 12 
16 08 09 08 06 
20 01 05 01 12 
14 12 02 04 11 
16 08 15 23 09 
13 14 13 11 09 
13 15 03 01 14 
16 06 15 02 20 
06 07 18 23 09 
02 18 08 05 03 
03 16 08 01 06 